0, 0, Header, 0, 1, 384
1, 0, Start_track
1, 0, Tempo, 512820
1, 0, Title_t, ""
1, 0, Note_on_c, 0, 72, 57
1, 3, Note_on_c, 0, 48, 45
1, 86, Note_on_c, 0, 48, 0
1, 117, Note_on_c, 0, 72, 0
1, 267, Note_on_c, 0, 72, 60
1, 289, Note_on_c, 0, 60, 36
1, 342, Note_on_c, 0, 60, 0
1, 375, Note_on_c, 0, 72, 0
1, 539, Note_on_c, 0, 79, 86
1, 553, Note_on_c, 0, 64, 51
1, 593, Note_on_c, 0, 64, 0
1, 634, Note_on_c, 0, 79, 0
1, 799, Note_on_c, 0, 79, 83
1, 813, Note_on_c, 0, 60, 46
1, 863, Note_on_c, 0, 60, 0
1, 896, Note_on_c, 0, 79, 0
1, 1058, Note_on_c, 0, 81, 73
1, 1074, Note_on_c, 0, 65, 43
1, 1124, Note_on_c, 0, 65, 0
1, 1145, Note_on_c, 0, 81, 0
1, 1324, Note_on_c, 0, 81, 59
1, 1331, Note_on_c, 0, 60, 39
1, 1384, Note_on_c, 0, 60, 0
1, 1401, Note_on_c, 0, 81, 0
1, 1587, Note_on_c, 0, 79, 60
1, 1604, Note_on_c, 0, 64, 27
1, 1655, Note_on_c, 0, 79, 0
1, 1665, Note_on_c, 0, 64, 0
1, 1844, Note_on_c, 0, 79, 62
1, 1857, Note_on_c, 0, 60, 37
1, 1921, Note_on_c, 0, 60, 0
1, 1928, Note_on_c, 0, 79, 0
1, 2105, Note_on_c, 0, 77, 70
1, 2114, Note_on_c, 0, 62, 53
1, 2164, Note_on_c, 0, 62, 0
1, 2201, Note_on_c, 0, 77, 0
1, 2365, Note_on_c, 0, 77, 73
1, 2375, Note_on_c, 0, 59, 44
1, 2421, Note_on_c, 0, 59, 0
1, 2456, Note_on_c, 0, 77, 0
1, 2623, Note_on_c, 0, 76, 68
1, 2627, Note_on_c, 0, 60, 55
1, 2677, Note_on_c, 0, 60, 0
1, 2682, Note_on_c, 0, 76, 0
1, 2886, Note_on_c, 0, 76, 62
1, 2894, Note_on_c, 0, 57, 58
1, 2933, Note_on_c, 0, 76, 0
1, 2933, Note_on_c, 0, 57, 0
1, 3142, Note_on_c, 0, 53, 80
1, 3146, Note_on_c, 0, 74, 65
1, 3181, Note_on_c, 0, 53, 0
1, 3195, Note_on_c, 0, 74, 0
1, 3410, Note_on_c, 0, 74, 66
1, 3417, Note_on_c, 0, 55, 52
1, 3459, Note_on_c, 0, 55, 0
1, 3524, Note_on_c, 0, 74, 0
1, 3626, Note_on_c, 0, 76, 46
1, 3682, Note_on_c, 0, 76, 0
1, 3699, Note_on_c, 0, 72, 64
1, 3699, Note_on_c, 0, 48, 33
1, 4005, Note_on_c, 0, 48, 0
1, 4027, Control_c, 0, 64, 127
1, 4070, Note_on_c, 0, 72, 0
1, 4233, Note_on_c, 0, 72, 64
1, 4256, Note_on_c, 0, 48, 44
1, 4304, Note_on_c, 0, 48, 0
1, 4315, Control_c, 0, 64, 0
1, 4318, Note_on_c, 0, 72, 0
1, 4496, Note_on_c, 0, 72, 79
1, 4513, Note_on_c, 0, 60, 47
1, 4565, Note_on_c, 0, 60, 0
1, 4584, Note_on_c, 0, 72, 0
1, 4751, Note_on_c, 0, 79, 92
1, 4761, Note_on_c, 0, 64, 64
1, 4807, Note_on_c, 0, 64, 0
1, 4852, Note_on_c, 0, 79, 0
1, 5011, Note_on_c, 0, 79, 92
1, 5016, Note_on_c, 0, 60, 56
1, 5073, Note_on_c, 0, 60, 0
1, 5095, Note_on_c, 0, 79, 0
1, 5270, Note_on_c, 0, 81, 73
1, 5275, Note_on_c, 0, 65, 43
1, 5339, Note_on_c, 0, 65, 0
1, 5373, Note_on_c, 0, 81, 0
1, 5530, Note_on_c, 0, 81, 65
1, 5548, Note_on_c, 0, 60, 31
1, 5602, Note_on_c, 0, 60, 0
1, 5612, Note_on_c, 0, 81, 0
1, 5799, Note_on_c, 0, 79, 68
1, 5830, Note_on_c, 0, 64, 14
1, 5850, Note_on_c, 0, 79, 0
1, 5885, Note_on_c, 0, 64, 0
1, 6050, Note_on_c, 0, 79, 60
1, 6072, Note_on_c, 0, 60, 37
1, 6125, Note_on_c, 0, 60, 0
1, 6125, Note_on_c, 0, 79, 0
1, 6318, Note_on_c, 0, 77, 51
1, 6328, Note_on_c, 0, 62, 30
1, 6370, Note_on_c, 0, 77, 0
1, 6387, Note_on_c, 0, 62, 0
1, 6582, Note_on_c, 0, 77, 47
1, 6588, Note_on_c, 0, 59, 36
1, 6641, Note_on_c, 0, 59, 0
1, 6661, Note_on_c, 0, 77, 0
1, 6852, Note_on_c, 0, 60, 39
1, 6852, Note_on_c, 0, 76, 34
1, 6908, Note_on_c, 0, 76, 0
1, 6919, Note_on_c, 0, 60, 0
1, 7125, Note_on_c, 0, 76, 39
1, 7125, Note_on_c, 0, 57, 34
1, 7178, Note_on_c, 0, 57, 0
1, 7184, Note_on_c, 0, 76, 0
1, 7392, Note_on_c, 0, 53, 52
1, 7395, Note_on_c, 0, 74, 35
1, 7440, Note_on_c, 0, 53, 0
1, 7445, Note_on_c, 0, 74, 0
1, 7654, Note_on_c, 0, 55, 42
1, 7666, Note_on_c, 0, 74, 43
1, 7702, Note_on_c, 0, 55, 0
1, 7725, Note_on_c, 0, 74, 0
1, 7870, Note_on_c, 0, 76, 32
1, 7924, Note_on_c, 0, 76, 0
1, 7958, Note_on_c, 0, 72, 38
1, 7973, Note_on_c, 0, 48, 21
1, 8212, Note_on_c, 0, 48, 0
1, 8234, Control_c, 0, 64, 127
1, 8404, Note_on_c, 0, 72, 0
1, 8449, Control_c, 0, 64, 0
1, 8455, Note_on_c, 0, 79, 80
1, 8465, Note_on_c, 0, 64, 52
1, 8544, Note_on_c, 0, 64, 0
1, 8563, Note_on_c, 0, 79, 0
1, 8714, Note_on_c, 0, 79, 93
1, 8732, Note_on_c, 0, 55, 57
1, 8772, Note_on_c, 0, 55, 0
1, 8796, Note_on_c, 0, 79, 0
1, 8956, Note_on_c, 0, 62, 67
1, 8956, Note_on_c, 0, 77, 87
1, 9017, Note_on_c, 0, 62, 0
1, 9042, Note_on_c, 0, 77, 0
1, 9206, Note_on_c, 0, 77, 87
1, 9215, Note_on_c, 0, 55, 61
1, 9267, Note_on_c, 0, 55, 0
1, 9303, Note_on_c, 0, 77, 0
1, 9459, Note_on_c, 0, 76, 80
1, 9459, Note_on_c, 0, 60, 67
1, 9554, Note_on_c, 0, 76, 0
1, 9554, Note_on_c, 0, 60, 0
1, 9711, Note_on_c, 0, 76, 75
1, 9716, Note_on_c, 0, 55, 62
1, 9791, Note_on_c, 0, 55, 0
1, 9808, Note_on_c, 0, 76, 0
1, 9961, Note_on_c, 0, 74, 85
1, 9970, Note_on_c, 0, 59, 59
1, 10023, Note_on_c, 0, 59, 0
1, 10051, Note_on_c, 0, 74, 0
1, 10215, Note_on_c, 0, 74, 81
1, 10218, Note_on_c, 0, 55, 64
1, 10264, Note_on_c, 0, 55, 0
1, 10337, Note_on_c, 0, 74, 0
1, 10471, Note_on_c, 0, 79, 81
1, 10471, Note_on_c, 0, 64, 59
1, 10547, Note_on_c, 0, 64, 0
1, 10563, Note_on_c, 0, 79, 0
1, 10733, Note_on_c, 0, 79, 72
1, 10758, Note_on_c, 0, 55, 38
1, 10808, Note_on_c, 0, 55, 0
1, 10820, Note_on_c, 0, 79, 0
1, 10984, Note_on_c, 0, 77, 65
1, 10987, Note_on_c, 0, 62, 52
1, 11062, Note_on_c, 0, 77, 0
1, 11084, Note_on_c, 0, 62, 0
1, 11240, Note_on_c, 0, 77, 66
1, 11254, Note_on_c, 0, 55, 47
1, 11301, Note_on_c, 0, 55, 0
1, 11329, Note_on_c, 0, 77, 0
1, 11482, Note_on_c, 0, 76, 54
1, 11496, Note_on_c, 0, 60, 51
1, 11594, Note_on_c, 0, 76, 0
1, 11611, Note_on_c, 0, 77, 70
1, 11614, Note_on_c, 0, 60, 0
1, 11655, Note_on_c, 0, 76, 56
1, 11677, Note_on_c, 0, 77, 0
1, 11710, Note_on_c, 0, 76, 0
1, 11710, Note_on_c, 0, 74, 57
1, 11756, Note_on_c, 0, 74, 0
1, 11764, Note_on_c, 0, 60, 40
1, 11771, Note_on_c, 0, 76, 66
1, 11822, Note_on_c, 0, 60, 0
1, 11962, Note_on_c, 0, 76, 0
1, 11967, Note_on_c, 0, 62, 41
1, 11967, Note_on_c, 0, 77, 53
1, 12031, Note_on_c, 0, 62, 0
1, 12053, Note_on_c, 0, 77, 0
1, 12070, Note_on_c, 0, 76, 24
1, 12082, Note_on_c, 0, 55, 29
1, 12095, Note_on_c, 0, 60, 34
1, 12357, Note_on_c, 0, 60, 0
1, 12373, Note_on_c, 0, 74, 34
1, 12384, Note_on_c, 0, 76, 0
1, 12409, Note_on_c, 0, 59, 10
1, 12501, Note_on_c, 0, 55, 0
1, 12572, Control_c, 0, 64, 127
1, 12613, Note_on_c, 0, 59, 0
1, 12621, Note_on_c, 0, 74, 0
1, 12632, Control_c, 0, 64, 0
1, 12636, Note_on_c, 0, 72, 45
1, 12655, Note_on_c, 0, 48, 35
1, 12702, Note_on_c, 0, 72, 0
1, 12702, Note_on_c, 0, 48, 0
1, 12903, Note_on_c, 0, 72, 45
1, 12922, Note_on_c, 0, 60, 30
1, 12956, Note_on_c, 0, 72, 0
1, 12981, Note_on_c, 0, 60, 0
1, 13164, Note_on_c, 0, 79, 61
1, 13173, Note_on_c, 0, 64, 46
1, 13217, Note_on_c, 0, 64, 0
1, 13224, Note_on_c, 0, 79, 0
1, 13424, Note_on_c, 0, 79, 77
1, 13435, Note_on_c, 0, 60, 40
1, 13497, Note_on_c, 0, 60, 0
1, 13501, Note_on_c, 0, 79, 0
1, 13680, Note_on_c, 0, 81, 76
1, 13686, Note_on_c, 0, 65, 49
1, 13755, Note_on_c, 0, 65, 0
1, 13769, Note_on_c, 0, 81, 0
1, 13940, Note_on_c, 0, 81, 81
1, 13947, Note_on_c, 0, 60, 53
1, 13994, Note_on_c, 0, 60, 0
1, 14029, Note_on_c, 0, 81, 0
1, 14204, Note_on_c, 0, 79, 91
1, 14212, Note_on_c, 0, 64, 58
1, 14259, Note_on_c, 0, 64, 0
1, 14312, Note_on_c, 0, 79, 0
1, 14457, Note_on_c, 0, 79, 91
1, 14462, Note_on_c, 0, 60, 57
1, 14508, Note_on_c, 0, 60, 0
1, 14564, Note_on_c, 0, 79, 0
1, 14724, Note_on_c, 0, 62, 75
1, 14724, Note_on_c, 0, 77, 79
1, 14777, Note_on_c, 0, 62, 0
1, 14794, Note_on_c, 0, 77, 0
1, 14986, Note_on_c, 0, 77, 74
1, 14989, Note_on_c, 0, 59, 58
1, 15025, Note_on_c, 0, 59, 0
1, 15051, Note_on_c, 0, 77, 0
1, 15243, Note_on_c, 0, 60, 63
1, 15243, Note_on_c, 0, 76, 59
1, 15288, Note_on_c, 0, 76, 0
1, 15291, Note_on_c, 0, 60, 0
1, 15507, Note_on_c, 0, 76, 59
1, 15507, Note_on_c, 0, 57, 57
1, 15550, Note_on_c, 0, 57, 0
1, 15558, Note_on_c, 0, 76, 0
1, 15756, Note_on_c, 0, 74, 67
1, 15759, Note_on_c, 0, 53, 77
1, 15800, Note_on_c, 0, 74, 0
1, 15805, Note_on_c, 0, 53, 0
1, 15912, Note_on_c, 0, 76, 56
1, 15950, Note_on_c, 0, 76, 0
1, 15950, Note_on_c, 0, 74, 65
1, 15989, Note_on_c, 0, 74, 0
1, 15997, Note_on_c, 0, 72, 57
1, 16042, Note_on_c, 0, 72, 0
1, 16046, Note_on_c, 0, 74, 59
1, 16049, Note_on_c, 0, 55, 52
1, 16092, Note_on_c, 0, 55, 0
1, 16262, Note_on_c, 0, 74, 0
1, 16268, Note_on_c, 0, 76, 42
1, 16313, Note_on_c, 0, 76, 0
1, 16334, Note_on_c, 0, 72, 47
1, 16338, Note_on_c, 0, 48, 28
1, 16611, Control_c, 0, 64, 127
1, 16617, Note_on_c, 0, 48, 0
1, 16789, Note_on_c, 0, 72, 0
1, 16814, Control_c, 0, 64, 0
1, 16856, Note_on_c, 0, 79, 68
1, 16870, Note_on_c, 0, 64, 42
1, 17054, Control_c, 0, 64, 127
1, 17065, Note_on_c, 0, 79, 0
1, 17115, Note_on_c, 0, 79, 84
1, 17115, Note_on_c, 0, 64, 0
1, 17138, Note_on_c, 0, 55, 30
1, 17174, Control_c, 0, 64, 0
1, 17304, Note_on_c, 0, 79, 0
1, 17304, Control_c, 0, 64, 127
1, 17341, Note_on_c, 0, 55, 0
1, 17369, Note_on_c, 0, 77, 73
1, 17382, Note_on_c, 0, 62, 45
1, 17390, Control_c, 0, 64, 0
1, 17558, Control_c, 0, 64, 127
1, 17564, Note_on_c, 0, 77, 0
1, 17616, Note_on_c, 0, 77, 77
1, 17628, Note_on_c, 0, 55, 37
1, 17633, Note_on_c, 0, 62, 0
1, 17653, Control_c, 0, 64, 0
1, 17814, Note_on_c, 0, 55, 0
1, 17822, Control_c, 0, 64, 127
1, 17822, Note_on_c, 0, 77, 0
1, 17869, Control_c, 0, 64, 0
1, 17884, Note_on_c, 0, 76, 55
1, 17889, Note_on_c, 0, 60, 33
1, 18056, Note_on_c, 0, 76, 0
1, 18060, Control_c, 0, 64, 127
1, 18124, Note_on_c, 0, 55, 36
1, 18134, Note_on_c, 0, 76, 38
1, 18157, Control_c, 0, 64, 0
1, 18191, Note_on_c, 0, 60, 0
1, 18324, Control_c, 0, 64, 127
1, 18330, Note_on_c, 0, 55, 0
1, 18360, Note_on_c, 0, 76, 0
1, 18372, Control_c, 0, 64, 0
1, 18393, Note_on_c, 0, 74, 45
1, 18399, Note_on_c, 0, 59, 28
1, 18564, Control_c, 0, 64, 127
1, 18567, Note_on_c, 0, 74, 0
1, 18630, Note_on_c, 0, 59, 0
1, 18650, Note_on_c, 0, 74, 36
1, 18659, Control_c, 0, 64, 0
1, 18678, Note_on_c, 0, 55, 23
1, 18859, Note_on_c, 0, 55, 0
1, 18889, Note_on_c, 0, 74, 0
1, 18917, Note_on_c, 0, 79, 58
1, 18942, Note_on_c, 0, 64, 27
1, 19000, Note_on_c, 0, 79, 0
1, 19176, Note_on_c, 0, 64, 0
1, 19176, Note_on_c, 0, 79, 55
1, 19187, Note_on_c, 0, 55, 28
1, 19265, Note_on_c, 0, 55, 0
1, 19280, Note_on_c, 0, 79, 0
1, 19429, Note_on_c, 0, 62, 39
1, 19432, Note_on_c, 0, 77, 49
1, 19499, Note_on_c, 0, 77, 0
1, 19619, Note_on_c, 0, 62, 0
1, 19681, Note_on_c, 0, 77, 55
1, 19698, Note_on_c, 0, 55, 32
1, 19770, Note_on_c, 0, 77, 0
1, 19915, Note_on_c, 0, 55, 0
1, 19928, Note_on_c, 0, 76, 58
1, 19970, Note_on_c, 0, 60, 24
1, 20034, Note_on_c, 0, 76, 0
1, 20073, Note_on_c, 0, 77, 64
1, 20082, Note_on_c, 0, 60, 0
1, 20115, Note_on_c, 0, 77, 0
1, 20115, Note_on_c, 0, 76, 45
1, 20159, Note_on_c, 0, 76, 0
1, 20159, Note_on_c, 0, 74, 72
1, 20198, Note_on_c, 0, 74, 0
1, 20210, Note_on_c, 0, 76, 59
1, 20240, Note_on_c, 0, 60, 28
1, 20308, Note_on_c, 0, 60, 0
1, 20391, Note_on_c, 0, 76, 0
1, 20411, Note_on_c, 0, 77, 58
1, 20418, Note_on_c, 0, 62, 39
1, 20474, Note_on_c, 0, 62, 0
1, 20474, Note_on_c, 0, 77, 0
1, 20525, Note_on_c, 0, 76, 41
1, 20549, Note_on_c, 0, 60, 25
1, 20563, Note_on_c, 0, 55, 24
1, 20772, Note_on_c, 0, 60, 0
1, 20811, Note_on_c, 0, 74, 30
1, 20817, Note_on_c, 0, 59, 30
1, 20817, Note_on_c, 0, 76, 0
1, 20876, Note_on_c, 0, 59, 0
1, 20920, Note_on_c, 0, 55, 0
1, 20925, Note_on_c, 0, 59, 14
1, 20978, Note_on_c, 0, 59, 0
1, 21024, Note_on_c, 0, 74, 0
1, 21051, Note_on_c, 0, 72, 55
1, 21068, Note_on_c, 0, 48, 47
1, 21109, Note_on_c, 0, 72, 0
1, 21116, Note_on_c, 0, 48, 0
1, 21324, Note_on_c, 0, 72, 68
1, 21324, Note_on_c, 0, 60, 48
1, 21377, Note_on_c, 0, 60, 0
1, 21386, Note_on_c, 0, 72, 0
1, 21575, Note_on_c, 0, 79, 90
1, 21578, Note_on_c, 0, 64, 71
1, 21650, Note_on_c, 0, 64, 0
1, 21653, Note_on_c, 0, 79, 0
1, 21837, Note_on_c, 0, 79, 95
1, 21848, Note_on_c, 0, 60, 71
1, 21892, Note_on_c, 0, 60, 0
1, 21914, Note_on_c, 0, 79, 0
1, 22099, Note_on_c, 0, 81, 85
1, 22110, Note_on_c, 0, 65, 59
1, 22174, Note_on_c, 0, 65, 0
1, 22182, Note_on_c, 0, 81, 0
1, 22369, Note_on_c, 0, 81, 72
1, 22380, Note_on_c, 0, 60, 45
1, 22427, Note_on_c, 0, 60, 0
1, 22455, Note_on_c, 0, 81, 0
1, 22625, Note_on_c, 0, 79, 69
1, 22650, Note_on_c, 0, 64, 46
1, 22694, Note_on_c, 0, 79, 0
1, 22700, Note_on_c, 0, 64, 0
1, 22892, Note_on_c, 0, 79, 58
1, 22917, Note_on_c, 0, 60, 34
1, 22951, Note_on_c, 0, 79, 0
1, 22974, Note_on_c, 0, 60, 0
1, 23155, Note_on_c, 0, 77, 64
1, 23169, Note_on_c, 0, 62, 57
1, 23215, Note_on_c, 0, 62, 0
1, 23230, Note_on_c, 0, 77, 0
1, 23428, Note_on_c, 0, 77, 53
1, 23428, Note_on_c, 0, 59, 42
1, 23472, Note_on_c, 0, 59, 0
1, 23477, Note_on_c, 0, 77, 0
1, 23692, Note_on_c, 0, 76, 46
1, 23700, Note_on_c, 0, 60, 45
1, 23750, Note_on_c, 0, 76, 0
1, 23753, Note_on_c, 0, 60, 0
1, 23957, Note_on_c, 0, 76, 43
1, 23968, Note_on_c, 0, 57, 33
1, 24016, Note_on_c, 0, 76, 0
1, 24016, Note_on_c, 0, 57, 0
1, 24229, Note_on_c, 0, 53, 61
1, 24236, Note_on_c, 0, 74, 27
1, 24277, Note_on_c, 0, 53, 0
1, 24302, Note_on_c, 0, 74, 0
1, 24372, Note_on_c, 0, 76, 43
1, 24413, Note_on_c, 0, 74, 54
1, 24413, Note_on_c, 0, 76, 0
1, 24463, Note_on_c, 0, 74, 0
1, 24484, Note_on_c, 0, 72, 22
1, 24530, Note_on_c, 0, 74, 59
1, 24533, Note_on_c, 0, 55, 31
1, 24545, Note_on_c, 0, 72, 0
1, 24608, Note_on_c, 0, 55, 0
1, 24809, Note_on_c, 0, 74, 0
1, 24815, Note_on_c, 0, 76, 22
1, 24870, Note_on_c, 0, 76, 0
1, 24882, Note_on_c, 0, 72, 32
1, 24903, Note_on_c, 0, 48, 21
1, 25397, Note_on_c, 0, 48, 0
1, 25402, Note_on_c, 0, 72, 0
1, 25963, Note_on_c, 0, 74, 55
1, 25999, Note_on_c, 0, 48, 26
1, 26020, Note_on_c, 0, 74, 0
1, 26045, Note_on_c, 0, 72, 43
1, 26094, Note_on_c, 0, 72, 0
1, 26113, Note_on_c, 0, 71, 54
1, 26163, Note_on_c, 0, 71, 0
1, 26163, Note_on_c, 0, 72, 52
1, 26235, Note_on_c, 0, 72, 0
1, 26252, Note_on_c, 0, 71, 45
1, 26269, Note_on_c, 0, 48, 0
1, 26279, Note_on_c, 0, 60, 34
1, 26305, Note_on_c, 0, 71, 0
1, 26314, Note_on_c, 0, 72, 45
1, 26366, Note_on_c, 0, 72, 0
1, 26374, Note_on_c, 0, 71, 53
1, 26419, Note_on_c, 0, 71, 0
1, 26456, Note_on_c, 0, 72, 52
1, 26503, Note_on_c, 0, 72, 0
1, 26527, Note_on_c, 0, 60, 0
1, 26559, Note_on_c, 0, 64, 39
1, 26566, Note_on_c, 0, 81, 65
1, 26611, Note_on_c, 0, 81, 0
1, 26633, Note_on_c, 0, 79, 77
1, 26673, Note_on_c, 0, 79, 0
1, 26701, Note_on_c, 0, 78, 64
1, 26753, Note_on_c, 0, 78, 0
1, 26765, Note_on_c, 0, 79, 82
1, 26812, Note_on_c, 0, 79, 0
1, 26839, Note_on_c, 0, 78, 56
1, 26843, Note_on_c, 0, 60, 25
1, 26862, Note_on_c, 0, 64, 0
1, 26890, Note_on_c, 0, 78, 0
1, 26906, Note_on_c, 0, 79, 72
1, 26951, Note_on_c, 0, 79, 0
1, 26957, Note_on_c, 0, 78, 63
1, 27040, Note_on_c, 0, 78, 0
1, 27040, Note_on_c, 0, 79, 74
1, 27071, Note_on_c, 0, 60, 0
1, 27090, Note_on_c, 0, 79, 0
1, 27108, Note_on_c, 0, 65, 40
1, 27115, Note_on_c, 0, 80, 77
1, 27168, Note_on_c, 0, 80, 0
1, 27190, Note_on_c, 0, 81, 84
1, 27250, Note_on_c, 0, 81, 0
1, 27269, Note_on_c, 0, 84, 80
1, 27335, Note_on_c, 0, 84, 0
1, 27335, Note_on_c, 0, 83, 103
1, 27394, Note_on_c, 0, 83, 0
1, 27406, Note_on_c, 0, 60, 29
1, 27414, Note_on_c, 0, 86, 84
1, 27449, Note_on_c, 0, 65, 0
1, 27478, Note_on_c, 0, 86, 0
1, 27486, Note_on_c, 0, 84, 76
1, 27555, Note_on_c, 0, 84, 0
1, 27559, Note_on_c, 0, 83, 97
1, 27600, Note_on_c, 0, 83, 0
1, 27623, Note_on_c, 0, 81, 69
1, 27659, Note_on_c, 0, 81, 0
1, 27675, Note_on_c, 0, 60, 0
1, 27706, Note_on_c, 0, 81, 77
1, 27706, Note_on_c, 0, 64, 26
1, 27775, Note_on_c, 0, 81, 0
1, 27798, Note_on_c, 0, 79, 69
1, 27846, Note_on_c, 0, 79, 0
1, 27881, Note_on_c, 0, 88, 57
1, 27881, Note_on_c, 0, 64, 0
1, 27934, Note_on_c, 0, 88, 0
1, 27968, Note_on_c, 0, 86, 57
1, 28018, Note_on_c, 0, 86, 0
1, 28043, Note_on_c, 0, 84, 41
1, 28096, Note_on_c, 0, 84, 0
1, 28110, Note_on_c, 0, 83, 76
1, 28152, Note_on_c, 0, 83, 0
1, 28182, Note_on_c, 0, 81, 43
1, 28236, Note_on_c, 0, 81, 0
1, 28252, Note_on_c, 0, 61, 45
1, 28258, Note_on_c, 0, 79, 57
1, 28299, Note_on_c, 0, 61, 0
1, 28344, Note_on_c, 0, 62, 64
1, 28409, Note_on_c, 0, 79, 0
1, 28409, Note_on_c, 0, 77, 60
1, 28456, Note_on_c, 0, 77, 0
1, 28486, Note_on_c, 0, 86, 60
1, 28528, Note_on_c, 0, 62, 0
1, 28555, Note_on_c, 0, 86, 0
1, 28570, Note_on_c, 0, 84, 73
1, 28647, Note_on_c, 0, 83, 86
1, 28653, Note_on_c, 0, 84, 0
1, 28703, Note_on_c, 0, 83, 0
1, 28725, Note_on_c, 0, 81, 60
1, 28773, Note_on_c, 0, 81, 0
1, 28793, Note_on_c, 0, 79, 63
1, 28843, Note_on_c, 0, 79, 0
1, 28868, Note_on_c, 0, 77, 62
1, 28874, Note_on_c, 0, 59, 50
1, 28916, Note_on_c, 0, 59, 0
1, 28946, Note_on_c, 0, 60, 64
1, 29013, Note_on_c, 0, 77, 0
1, 29021, Note_on_c, 0, 76, 61
1, 29069, Note_on_c, 0, 76, 0
1, 29097, Note_on_c, 0, 84, 75
1, 29115, Note_on_c, 0, 60, 0
1, 29179, Note_on_c, 0, 83, 92
1, 29182, Note_on_c, 0, 84, 0
1, 29247, Note_on_c, 0, 81, 69
1, 29257, Note_on_c, 0, 83, 0
1, 29319, Note_on_c, 0, 79, 84
1, 29325, Note_on_c, 0, 81, 0
1, 29372, Note_on_c, 0, 79, 0
1, 29384, Note_on_c, 0, 77, 67
1, 29455, Note_on_c, 0, 77, 0
1, 29461, Note_on_c, 0, 76, 63
1, 29481, Note_on_c, 0, 57, 40
1, 29531, Note_on_c, 0, 57, 0
1, 29548, Note_on_c, 0, 74, 81
1, 29567, Note_on_c, 0, 76, 0
1, 29576, Note_on_c, 0, 53, 74
1, 29676, Note_on_c, 0, 74, 0
1, 29709, Note_on_c, 0, 81, 63
1, 29725, Note_on_c, 0, 53, 0
1, 29854, Note_on_c, 0, 79, 74
1, 29860, Note_on_c, 0, 55, 57
1, 29860, Note_on_c, 0, 81, 0
1, 29916, Note_on_c, 0, 55, 0
1, 29987, Note_on_c, 0, 79, 0
1, 30007, Note_on_c, 0, 71, 69
1, 30077, Note_on_c, 0, 71, 0
1, 30171, Note_on_c, 0, 72, 49
1, 30178, Note_on_c, 0, 60, 49
1, 30319, Note_on_c, 0, 60, 0
1, 30333, Note_on_c, 0, 55, 54
1, 30436, Note_on_c, 0, 55, 0
1, 30486, Note_on_c, 0, 52, 47
1, 30554, Note_on_c, 0, 72, 0
1, 30589, Note_on_c, 0, 52, 0
1, 30650, Note_on_c, 0, 55, 38
1, 30757, Note_on_c, 0, 55, 0
1, 30801, Note_on_c, 0, 48, 37
1, 30821, Note_on_c, 0, 74, 26
1, 30879, Note_on_c, 0, 74, 0
1, 30887, Note_on_c, 0, 72, 49
1, 30934, Note_on_c, 0, 72, 0
1, 30963, Note_on_c, 0, 71, 53
1, 31012, Note_on_c, 0, 71, 0
1, 31024, Note_on_c, 0, 72, 56
1, 31066, Note_on_c, 0, 48, 0
1, 31094, Note_on_c, 0, 72, 0
1, 31116, Note_on_c, 0, 60, 33
1, 31116, Note_on_c, 0, 71, 56
1, 31168, Note_on_c, 0, 71, 0
1, 31172, Note_on_c, 0, 72, 56
1, 31230, Note_on_c, 0, 72, 0
1, 31249, Note_on_c, 0, 71, 56
1, 31289, Note_on_c, 0, 71, 0
1, 31316, Note_on_c, 0, 72, 75
1, 31358, Note_on_c, 0, 72, 0
1, 31370, Note_on_c, 0, 60, 0
1, 31409, Note_on_c, 0, 81, 82
1, 31419, Note_on_c, 0, 64, 39
1, 31484, Note_on_c, 0, 81, 0
1, 31484, Note_on_c, 0, 79, 76
1, 31526, Note_on_c, 0, 79, 0
1, 31550, Note_on_c, 0, 78, 67
1, 31593, Note_on_c, 0, 78, 0
1, 31618, Note_on_c, 0, 79, 77
1, 31665, Note_on_c, 0, 79, 0
1, 31690, Note_on_c, 0, 60, 39
1, 31707, Note_on_c, 0, 64, 0
1, 31707, Note_on_c, 0, 78, 65
1, 31749, Note_on_c, 0, 78, 0
1, 31773, Note_on_c, 0, 79, 72
1, 31812, Note_on_c, 0, 79, 0
1, 31812, Note_on_c, 0, 78, 49
1, 31876, Note_on_c, 0, 78, 0
1, 31887, Note_on_c, 0, 79, 61
1, 31948, Note_on_c, 0, 79, 0
1, 31972, Note_on_c, 0, 60, 0
1, 31976, Note_on_c, 0, 80, 74
1, 31999, Note_on_c, 0, 65, 41
1, 32015, Note_on_c, 0, 80, 0
1, 32047, Note_on_c, 0, 81, 72
1, 32094, Note_on_c, 0, 81, 0
1, 32132, Note_on_c, 0, 84, 61
1, 32175, Note_on_c, 0, 84, 0
1, 32194, Note_on_c, 0, 83, 90
1, 32238, Note_on_c, 0, 83, 0
1, 32269, Note_on_c, 0, 86, 81
1, 32269, Note_on_c, 0, 60, 41
1, 32306, Note_on_c, 0, 65, 0
1, 32345, Note_on_c, 0, 86, 0
1, 32348, Note_on_c, 0, 84, 78
1, 32395, Note_on_c, 0, 84, 0
1, 32425, Note_on_c, 0, 83, 100
1, 32465, Note_on_c, 0, 83, 0
1, 32483, Note_on_c, 0, 81, 72
1, 32517, Note_on_c, 0, 81, 0
1, 32554, Note_on_c, 0, 60, 0
1, 32565, Note_on_c, 0, 81, 81
1, 32565, Note_on_c, 0, 64, 30
1, 32645, Note_on_c, 0, 81, 0
1, 32651, Note_on_c, 0, 79, 88
1, 32696, Note_on_c, 0, 79, 0
1, 32723, Note_on_c, 0, 88, 75
1, 32806, Note_on_c, 0, 86, 85
1, 32823, Note_on_c, 0, 88, 0
1, 32862, Note_on_c, 0, 64, 0
1, 32882, Note_on_c, 0, 84, 68
1, 32898, Note_on_c, 0, 86, 0
1, 32946, Note_on_c, 0, 83, 90
1, 32955, Note_on_c, 0, 84, 0
1, 32991, Note_on_c, 0, 83, 0
1, 33013, Note_on_c, 0, 81, 61
1, 33066, Note_on_c, 0, 81, 0
1, 33091, Note_on_c, 0, 79, 72
1, 33091, Note_on_c, 0, 61, 38
1, 33147, Note_on_c, 0, 61, 0
1, 33161, Note_on_c, 0, 62, 87
1, 33238, Note_on_c, 0, 79, 0
1, 33244, Note_on_c, 0, 77, 73
1, 33300, Note_on_c, 0, 77, 0
1, 33322, Note_on_c, 0, 86, 74
1, 33345, Note_on_c, 0, 62, 0
1, 33395, Note_on_c, 0, 84, 88
1, 33411, Note_on_c, 0, 86, 0
1, 33473, Note_on_c, 0, 83, 96
1, 33497, Note_on_c, 0, 84, 0
1, 33542, Note_on_c, 0, 81, 72
1, 33564, Note_on_c, 0, 83, 0
1, 33604, Note_on_c, 0, 81, 0
1, 33614, Note_on_c, 0, 79, 71
1, 33688, Note_on_c, 0, 79, 0
1, 33696, Note_on_c, 0, 59, 51
1, 33699, Note_on_c, 0, 77, 66
1, 33738, Note_on_c, 0, 59, 0
1, 33782, Note_on_c, 0, 60, 57
1, 33826, Note_on_c, 0, 77, 0
1, 33846, Note_on_c, 0, 76, 51
1, 33894, Note_on_c, 0, 76, 0
1, 33933, Note_on_c, 0, 84, 59
1, 33954, Note_on_c, 0, 60, 0
1, 33980, Note_on_c, 0, 84, 0
1, 34018, Note_on_c, 0, 83, 66
1, 34066, Note_on_c, 0, 83, 0
1, 34078, Note_on_c, 0, 81, 52
1, 34136, Note_on_c, 0, 81, 0
1, 34153, Note_on_c, 0, 79, 68
1, 34197, Note_on_c, 0, 79, 0
1, 34216, Note_on_c, 0, 77, 60
1, 34263, Note_on_c, 0, 77, 0
1, 34284, Note_on_c, 0, 76, 56
1, 34297, Note_on_c, 0, 57, 12
1, 34348, Note_on_c, 0, 57, 0
1, 34362, Note_on_c, 0, 76, 0
1, 34373, Note_on_c, 0, 74, 69
1, 34387, Note_on_c, 0, 53, 69
1, 34500, Note_on_c, 0, 53, 0
1, 34504, Note_on_c, 0, 74, 0
1, 34537, Note_on_c, 0, 81, 56
1, 34684, Note_on_c, 0, 79, 69
1, 34688, Note_on_c, 0, 81, 0
1, 34693, Note_on_c, 0, 55, 46
1, 34749, Note_on_c, 0, 55, 0
1, 34809, Note_on_c, 0, 79, 0
1, 34821, Note_on_c, 0, 71, 66
1, 34885, Note_on_c, 0, 71, 0
1, 35000, Note_on_c, 0, 60, 36
1, 35000, Note_on_c, 0, 72, 51
1, 35245, Note_on_c, 0, 60, 0
1, 35316, Note_on_c, 0, 48, 26
1, 35359, Note_on_c, 0, 72, 0
1, 35462, Control_c, 0, 64, 127
1, 35473, Note_on_c, 0, 48, 0
1, 35535, Control_c, 0, 64, 0
1, 35649, Note_on_c, 0, 81, 59
1, 35668, Note_on_c, 0, 64, 32
1, 35723, Note_on_c, 0, 81, 0
1, 35723, Note_on_c, 0, 79, 62
1, 35771, Note_on_c, 0, 79, 0
1, 35798, Note_on_c, 0, 78, 64
1, 35862, Note_on_c, 0, 78, 0
1, 35887, Note_on_c, 0, 79, 79
1, 35927, Note_on_c, 0, 79, 0
1, 35957, Note_on_c, 0, 78, 73
1, 35966, Note_on_c, 0, 55, 43
1, 36039, Note_on_c, 0, 79, 83
1, 36049, Note_on_c, 0, 64, 0
1, 36049, Note_on_c, 0, 78, 0
1, 36121, Note_on_c, 0, 79, 0
1, 36127, Note_on_c, 0, 81, 78
1, 36199, Note_on_c, 0, 79, 75
1, 36214, Note_on_c, 0, 81, 0
1, 36230, Note_on_c, 0, 55, 0
1, 36230, Note_on_c, 0, 79, 0
1, 36273, Note_on_c, 0, 79, 96
1, 36276, Note_on_c, 0, 62, 53
1, 36362, Note_on_c, 0, 77, 76
1, 36389, Note_on_c, 0, 79, 0
1, 36415, Note_on_c, 0, 77, 0
1, 36426, Note_on_c, 0, 76, 75
1, 36479, Note_on_c, 0, 76, 0
1, 36501, Note_on_c, 0, 77, 78
1, 36556, Note_on_c, 0, 77, 0
1, 36582, Note_on_c, 0, 76, 78
1, 36595, Note_on_c, 0, 55, 46
1, 36629, Note_on_c, 0, 76, 0
1, 36660, Note_on_c, 0, 77, 75
1, 36696, Note_on_c, 0, 62, 0
1, 36724, Note_on_c, 0, 77, 0
1, 36743, Note_on_c, 0, 79, 80
1, 36802, Note_on_c, 0, 77, 72
1, 36810, Note_on_c, 0, 79, 0
1, 36835, Note_on_c, 0, 77, 0
1, 36880, Note_on_c, 0, 55, 0
1, 36890, Note_on_c, 0, 77, 71
1, 36899, Note_on_c, 0, 60, 45
1, 36977, Note_on_c, 0, 76, 64
1, 36989, Note_on_c, 0, 77, 0
1, 37035, Note_on_c, 0, 76, 0
1, 37055, Note_on_c, 0, 75, 66
1, 37125, Note_on_c, 0, 76, 65
1, 37130, Note_on_c, 0, 75, 0
1, 37181, Note_on_c, 0, 76, 0
1, 37206, Note_on_c, 0, 75, 54
1, 37228, Note_on_c, 0, 55, 28
1, 37281, Note_on_c, 0, 75, 0
1, 37286, Note_on_c, 0, 76, 68
1, 37312, Note_on_c, 0, 60, 0
1, 37342, Note_on_c, 0, 76, 0
1, 37375, Note_on_c, 0, 77, 67
1, 37443, Note_on_c, 0, 77, 0
1, 37448, Note_on_c, 0, 76, 55
1, 37487, Note_on_c, 0, 76, 0
1, 37521, Note_on_c, 0, 55, 0
1, 37521, Note_on_c, 0, 65, 39
1, 37537, Note_on_c, 0, 76, 63
1, 37604, Note_on_c, 0, 76, 0
1, 37604, Note_on_c, 0, 74, 59
1, 37651, Note_on_c, 0, 74, 0
1, 37676, Note_on_c, 0, 73, 58
1, 37745, Note_on_c, 0, 73, 0
1, 37755, Note_on_c, 0, 74, 64
1, 37812, Note_on_c, 0, 74, 0
1, 37826, Note_on_c, 0, 55, 47
1, 37837, Note_on_c, 0, 73, 55
1, 37904, Note_on_c, 0, 73, 0
1, 37915, Note_on_c, 0, 74, 67
1, 37963, Note_on_c, 0, 55, 0
1, 37966, Note_on_c, 0, 65, 0
1, 37966, Note_on_c, 0, 74, 0
1, 37991, Note_on_c, 0, 76, 64
1, 38025, Note_on_c, 0, 76, 0
1, 38063, Note_on_c, 0, 74, 77
1, 38117, Note_on_c, 0, 74, 0
1, 38153, Note_on_c, 0, 64, 47
1, 38164, Note_on_c, 0, 81, 86
1, 38173, Note_on_c, 0, 55, 47
1, 38239, Note_on_c, 0, 79, 88
1, 38270, Note_on_c, 0, 81, 0
1, 38301, Note_on_c, 0, 79, 0
1, 38308, Note_on_c, 0, 78, 76
1, 38356, Note_on_c, 0, 78, 0
1, 38372, Note_on_c, 0, 79, 81
1, 38456, Note_on_c, 0, 79, 0
1, 38473, Note_on_c, 0, 88, 77
1, 38553, Note_on_c, 0, 88, 0
1, 38553, Note_on_c, 0, 84, 83
1, 38637, Note_on_c, 0, 81, 76
1, 38643, Note_on_c, 0, 84, 0
1, 38666, Note_on_c, 0, 55, 0
1, 38669, Note_on_c, 0, 64, 0
1, 38685, Note_on_c, 0, 81, 0
1, 38696, Note_on_c, 0, 79, 83
1, 38732, Note_on_c, 0, 79, 0
1, 38780, Note_on_c, 0, 79, 84
1, 38788, Note_on_c, 0, 62, 52
1, 38816, Note_on_c, 0, 55, 43
1, 38866, Note_on_c, 0, 77, 74
1, 38874, Note_on_c, 0, 79, 0
1, 38911, Note_on_c, 0, 77, 0
1, 38932, Note_on_c, 0, 76, 73
1, 38975, Note_on_c, 0, 76, 0
1, 39011, Note_on_c, 0, 77, 80
1, 39064, Note_on_c, 0, 77, 0
1, 39105, Note_on_c, 0, 86, 76
1, 39183, Note_on_c, 0, 83, 92
1, 39183, Note_on_c, 0, 86, 0
1, 39228, Note_on_c, 0, 83, 0
1, 39262, Note_on_c, 0, 55, 0
1, 39262, Note_on_c, 0, 79, 67
1, 39303, Note_on_c, 0, 79, 0
1, 39322, Note_on_c, 0, 77, 75
1, 39354, Note_on_c, 0, 77, 0
1, 39376, Note_on_c, 0, 62, 0
1, 39404, Note_on_c, 0, 77, 78
1, 39415, Note_on_c, 0, 60, 44
1, 39428, Note_on_c, 0, 55, 36
1, 39487, Note_on_c, 0, 76, 63
1, 39495, Note_on_c, 0, 77, 0
1, 39538, Note_on_c, 0, 76, 0
1, 39559, Note_on_c, 0, 75, 74
1, 39609, Note_on_c, 0, 75, 0
1, 39637, Note_on_c, 0, 76, 71
1, 39677, Note_on_c, 0, 76, 0
1, 39691, Note_on_c, 0, 55, 0
1, 39694, Note_on_c, 0, 60, 0
1, 39726, Note_on_c, 0, 84, 77
1, 39780, Note_on_c, 0, 84, 0
1, 39810, Note_on_c, 0, 79, 61
1, 39860, Note_on_c, 0, 79, 0
1, 39879, Note_on_c, 0, 77, 63
1, 39922, Note_on_c, 0, 77, 0
1, 39949, Note_on_c, 0, 60, 22
1, 39949, Note_on_c, 0, 76, 51
1, 40013, Note_on_c, 0, 60, 0
1, 40019, Note_on_c, 0, 76, 0
1, 40067, Note_on_c, 0, 64, 40
1, 40078, Note_on_c, 0, 79, 66
1, 40097, Note_on_c, 0, 55, 34
1, 40372, Note_on_c, 0, 64, 0
1, 40386, Note_on_c, 0, 76, 43
1, 40400, Note_on_c, 0, 79, 0
1, 40417, Note_on_c, 0, 60, 21
1, 40448, Note_on_c, 0, 76, 0
1, 40481, Note_on_c, 0, 60, 0
1, 40517, Note_on_c, 0, 74, 24
1, 40532, Note_on_c, 0, 59, 15
1, 40660, Note_on_c, 0, 55, 0
1, 40712, Control_c, 0, 64, 127
1, 40774, Note_on_c, 0, 74, 0
1, 40793, Note_on_c, 0, 59, 0
1, 40844, Control_c, 0, 64, 0
1, 40875, Note_on_c, 0, 48, 40
1, 40896, Note_on_c, 0, 74, 54
1, 40949, Note_on_c, 0, 74, 0
1, 40971, Note_on_c, 0, 72, 44
1, 41022, Note_on_c, 0, 72, 0
1, 41045, Note_on_c, 0, 71, 51
1, 41095, Note_on_c, 0, 71, 0
1, 41106, Note_on_c, 0, 72, 48
1, 41169, Note_on_c, 0, 48, 0
1, 41181, Note_on_c, 0, 72, 0
1, 41195, Note_on_c, 0, 60, 41
1, 41212, Note_on_c, 0, 71, 50
1, 41262, Note_on_c, 0, 71, 0
1, 41262, Note_on_c, 0, 72, 57
1, 41315, Note_on_c, 0, 72, 0
1, 41345, Note_on_c, 0, 71, 51
1, 41390, Note_on_c, 0, 71, 0
1, 41425, Note_on_c, 0, 72, 78
1, 41467, Note_on_c, 0, 72, 0
1, 41495, Note_on_c, 0, 60, 0
1, 41524, Note_on_c, 0, 81, 81
1, 41543, Note_on_c, 0, 64, 42
1, 41598, Note_on_c, 0, 79, 82
1, 41606, Note_on_c, 0, 81, 0
1, 41649, Note_on_c, 0, 79, 0
1, 41671, Note_on_c, 0, 78, 73
1, 41752, Note_on_c, 0, 79, 84
1, 41752, Note_on_c, 0, 78, 0
1, 41819, Note_on_c, 0, 79, 0
1, 41830, Note_on_c, 0, 78, 65
1, 41836, Note_on_c, 0, 60, 37
1, 41855, Note_on_c, 0, 64, 0
1, 41899, Note_on_c, 0, 79, 85
1, 41908, Note_on_c, 0, 78, 0
1, 41961, Note_on_c, 0, 79, 0
1, 41971, Note_on_c, 0, 78, 77
1, 42047, Note_on_c, 0, 78, 0
1, 42047, Note_on_c, 0, 79, 93
1, 42092, Note_on_c, 0, 60, 0
1, 42103, Note_on_c, 0, 79, 0
1, 42131, Note_on_c, 0, 80, 89
1, 42131, Note_on_c, 0, 65, 41
1, 42206, Note_on_c, 0, 81, 89
1, 42225, Note_on_c, 0, 80, 0
1, 42287, Note_on_c, 0, 81, 0
1, 42287, Note_on_c, 0, 84, 88
1, 42364, Note_on_c, 0, 83, 104
1, 42378, Note_on_c, 0, 84, 0
1, 42434, Note_on_c, 0, 83, 0
1, 42448, Note_on_c, 0, 86, 88
1, 42459, Note_on_c, 0, 65, 0
1, 42459, Note_on_c, 0, 60, 34
1, 42537, Note_on_c, 0, 84, 76
1, 42559, Note_on_c, 0, 86, 0
1, 42593, Note_on_c, 0, 84, 0
1, 42602, Note_on_c, 0, 83, 94
1, 42648, Note_on_c, 0, 83, 0
1, 42674, Note_on_c, 0, 81, 71
1, 42712, Note_on_c, 0, 81, 0
1, 42718, Note_on_c, 0, 60, 0
1, 42755, Note_on_c, 0, 64, 33
1, 42766, Note_on_c, 0, 81, 69
1, 42825, Note_on_c, 0, 81, 0
1, 42847, Note_on_c, 0, 79, 78
1, 42896, Note_on_c, 0, 79, 0
1, 42936, Note_on_c, 0, 88, 69
1, 43014, Note_on_c, 0, 88, 0
1, 43019, Note_on_c, 0, 64, 0
1, 43024, Note_on_c, 0, 86, 65
1, 43089, Note_on_c, 0, 86, 0
1, 43100, Note_on_c, 0, 84, 56
1, 43167, Note_on_c, 0, 84, 0
1, 43179, Note_on_c, 0, 83, 78
1, 43228, Note_on_c, 0, 83, 0
1, 43253, Note_on_c, 0, 81, 50
1, 43311, Note_on_c, 0, 81, 0
1, 43311, Note_on_c, 0, 61, 62
1, 43328, Note_on_c, 0, 79, 66
1, 43365, Note_on_c, 0, 61, 0
1, 43418, Note_on_c, 0, 62, 69
1, 43478, Note_on_c, 0, 79, 0
1, 43478, Note_on_c, 0, 77, 69
1, 43543, Note_on_c, 0, 77, 0
1, 43570, Note_on_c, 0, 86, 74
1, 43623, Note_on_c, 0, 62, 0
1, 43648, Note_on_c, 0, 86, 0
1, 43657, Note_on_c, 0, 84, 76
1, 43735, Note_on_c, 0, 83, 85
1, 43740, Note_on_c, 0, 84, 0
1, 43814, Note_on_c, 0, 81, 70
1, 43821, Note_on_c, 0, 83, 0
1, 43877, Note_on_c, 0, 81, 0
1, 43891, Note_on_c, 0, 79, 73
1, 43970, Note_on_c, 0, 79, 0
1, 43988, Note_on_c, 0, 77, 71
1, 44002, Note_on_c, 0, 59, 42
1, 44048, Note_on_c, 0, 59, 0
1, 44094, Note_on_c, 0, 60, 38
1, 44109, Note_on_c, 0, 77, 0
1, 44131, Note_on_c, 0, 76, 60
1, 44131, Note_on_c, 0, 62, 9
1, 44170, Note_on_c, 0, 62, 0
1, 44197, Note_on_c, 0, 76, 0
1, 44237, Note_on_c, 0, 84, 66
1, 44281, Note_on_c, 0, 60, 0
1, 44292, Note_on_c, 0, 84, 0
1, 44309, Note_on_c, 0, 83, 86
1, 44365, Note_on_c, 0, 83, 0
1, 44390, Note_on_c, 0, 81, 55
1, 44457, Note_on_c, 0, 81, 0
1, 44457, Note_on_c, 0, 79, 76
1, 44509, Note_on_c, 0, 79, 0
1, 44535, Note_on_c, 0, 77, 53
1, 44585, Note_on_c, 0, 77, 0
1, 44605, Note_on_c, 0, 57, 33
1, 44608, Note_on_c, 0, 76, 64
1, 44660, Note_on_c, 0, 57, 0
1, 44710, Note_on_c, 0, 53, 72
1, 44710, Note_on_c, 0, 76, 0
1, 44710, Note_on_c, 0, 74, 68
1, 44805, Note_on_c, 0, 53, 0
1, 44830, Note_on_c, 0, 74, 0
1, 44872, Note_on_c, 0, 81, 50
1, 45017, Note_on_c, 0, 81, 0
1, 45022, Note_on_c, 0, 55, 52
1, 45028, Note_on_c, 0, 79, 56
1, 45072, Note_on_c, 0, 55, 0
1, 45161, Note_on_c, 0, 79, 0
1, 45175, Note_on_c, 0, 71, 61
1, 45236, Note_on_c, 0, 71, 0
1, 45348, Note_on_c, 0, 60, 30
1, 45360, Note_on_c, 0, 72, 55
1, 45615, Note_on_c, 0, 60, 0
1, 45676, Note_on_c, 0, 48, 30
1, 45794, Control_c, 0, 64, 127
1, 45799, Note_on_c, 0, 48, 0
1, 45822, Note_on_c, 0, 72, 0
1, 45889, Control_c, 0, 64, 0
1, 46020, Note_on_c, 0, 64, 45
1, 46033, Note_on_c, 0, 81, 56
1, 46103, Note_on_c, 0, 81, 0
1, 46115, Note_on_c, 0, 79, 67
1, 46162, Note_on_c, 0, 79, 0
1, 46189, Note_on_c, 0, 78, 59
1, 46243, Note_on_c, 0, 78, 0
1, 46270, Note_on_c, 0, 79, 75
1, 46310, Note_on_c, 0, 79, 0
1, 46345, Note_on_c, 0, 78, 66
1, 46373, Note_on_c, 0, 55, 36
1, 46412, Note_on_c, 0, 78, 0
1, 46431, Note_on_c, 0, 79, 76
1, 46480, Note_on_c, 0, 79, 0
1, 46493, Note_on_c, 0, 64, 0
1, 46518, Note_on_c, 0, 81, 58
1, 46579, Note_on_c, 0, 81, 0
1, 46593, Note_on_c, 0, 79, 60
1, 46608, Note_on_c, 0, 55, 0
1, 46643, Note_on_c, 0, 79, 0
1, 46669, Note_on_c, 0, 62, 53
1, 46682, Note_on_c, 0, 79, 68
1, 46757, Note_on_c, 0, 77, 69
1, 46780, Note_on_c, 0, 79, 0
1, 46800, Note_on_c, 0, 77, 0
1, 46833, Note_on_c, 0, 76, 55
1, 46881, Note_on_c, 0, 76, 0
1, 46903, Note_on_c, 0, 77, 73
1, 46948, Note_on_c, 0, 77, 0
1, 46992, Note_on_c, 0, 76, 72
1, 47005, Note_on_c, 0, 55, 49
1, 47025, Note_on_c, 0, 62, 0
1, 47039, Note_on_c, 0, 76, 0
1, 47069, Note_on_c, 0, 77, 69
1, 47142, Note_on_c, 0, 77, 0
1, 47151, Note_on_c, 0, 79, 80
1, 47215, Note_on_c, 0, 77, 72
1, 47226, Note_on_c, 0, 55, 0
1, 47242, Note_on_c, 0, 79, 0
1, 47246, Note_on_c, 0, 77, 0
1, 47301, Note_on_c, 0, 77, 77
1, 47312, Note_on_c, 0, 60, 49
1, 47379, Note_on_c, 0, 76, 73
1, 47410, Note_on_c, 0, 77, 0
1, 47462, Note_on_c, 0, 75, 72
1, 47462, Note_on_c, 0, 76, 0
1, 47523, Note_on_c, 0, 76, 72
1, 47537, Note_on_c, 0, 75, 0
1, 47615, Note_on_c, 0, 75, 65
1, 47621, Note_on_c, 0, 76, 0
1, 47665, Note_on_c, 0, 55, 35
1, 47696, Note_on_c, 0, 76, 53
1, 47716, Note_on_c, 0, 75, 0
1, 47719, Note_on_c, 0, 60, 0
1, 47785, Note_on_c, 0, 76, 0
1, 47791, Note_on_c, 0, 77, 73
1, 47849, Note_on_c, 0, 76, 59
1, 47863, Note_on_c, 0, 77, 0
1, 47886, Note_on_c, 0, 76, 0
1, 47947, Note_on_c, 0, 65, 38
1, 47947, Note_on_c, 0, 76, 44
1, 47953, Note_on_c, 0, 55, 0
1, 48020, Note_on_c, 0, 74, 65
1, 48051, Note_on_c, 0, 76, 0
1, 48062, Note_on_c, 0, 74, 0
1, 48101, Note_on_c, 0, 73, 52
1, 48151, Note_on_c, 0, 73, 0
1, 48176, Note_on_c, 0, 74, 67
1, 48229, Note_on_c, 0, 74, 0
1, 48271, Note_on_c, 0, 73, 53
1, 48271, Note_on_c, 0, 55, 21
1, 48331, Note_on_c, 0, 73, 0
1, 48367, Note_on_c, 0, 74, 36
1, 48379, Note_on_c, 0, 65, 0
1, 48385, Note_on_c, 0, 55, 0
1, 48415, Note_on_c, 0, 74, 0
1, 48418, Note_on_c, 0, 76, 56
1, 48455, Note_on_c, 0, 76, 0
1, 48482, Note_on_c, 0, 74, 54
1, 48563, Note_on_c, 0, 74, 0
1, 48576, Note_on_c, 0, 64, 46
1, 48590, Note_on_c, 0, 81, 78
1, 48590, Note_on_c, 0, 55, 37
1, 48675, Note_on_c, 0, 79, 84
1, 48691, Note_on_c, 0, 81, 0
1, 48735, Note_on_c, 0, 79, 0
1, 48749, Note_on_c, 0, 78, 71
1, 48831, Note_on_c, 0, 79, 87
1, 48836, Note_on_c, 0, 78, 0
1, 48903, Note_on_c, 0, 79, 0
1, 48942, Note_on_c, 0, 88, 63
1, 49025, Note_on_c, 0, 88, 0
1, 49039, Note_on_c, 0, 84, 53
1, 49081, Note_on_c, 0, 84, 0
1, 49101, Note_on_c, 0, 81, 60
1, 49109, Note_on_c, 0, 55, 0
1, 49148, Note_on_c, 0, 81, 0
1, 49175, Note_on_c, 0, 79, 73
1, 49211, Note_on_c, 0, 79, 0
1, 49245, Note_on_c, 0, 64, 0
1, 49256, Note_on_c, 0, 79, 83
1, 49260, Note_on_c, 0, 62, 44
1, 49267, Note_on_c, 0, 55, 32
1, 49343, Note_on_c, 0, 77, 67
1, 49359, Note_on_c, 0, 79, 0
1, 49393, Note_on_c, 0, 77, 0
1, 49412, Note_on_c, 0, 76, 63
1, 49471, Note_on_c, 0, 76, 0
1, 49494, Note_on_c, 0, 77, 76
1, 49571, Note_on_c, 0, 77, 0
1, 49605, Note_on_c, 0, 86, 75
1, 49679, Note_on_c, 0, 86, 0
1, 49694, Note_on_c, 0, 83, 76
1, 49747, Note_on_c, 0, 83, 0
1, 49771, Note_on_c, 0, 79, 67
1, 49789, Note_on_c, 0, 55, 0
1, 49817, Note_on_c, 0, 79, 0
1, 49836, Note_on_c, 0, 77, 71
1, 49870, Note_on_c, 0, 77, 0
1, 49919, Note_on_c, 0, 62, 0
1, 49919, Note_on_c, 0, 77, 78
1, 49937, Note_on_c, 0, 60, 39
1, 49944, Note_on_c, 0, 55, 45
1, 50008, Note_on_c, 0, 76, 62
1, 50019, Note_on_c, 0, 77, 0
1, 50084, Note_on_c, 0, 76, 0
1, 50084, Note_on_c, 0, 75, 67
1, 50147, Note_on_c, 0, 75, 0
1, 50162, Note_on_c, 0, 76, 57
1, 50232, Note_on_c, 0, 76, 0
1, 50282, Note_on_c, 0, 84, 64
1, 50326, Note_on_c, 0, 55, 0
1, 50334, Note_on_c, 0, 60, 0
1, 50345, Note_on_c, 0, 84, 0
1, 50368, Note_on_c, 0, 79, 64
1, 50426, Note_on_c, 0, 79, 0
1, 50452, Note_on_c, 0, 77, 59
1, 50505, Note_on_c, 0, 77, 0
1, 50527, Note_on_c, 0, 76, 51
1, 50533, Note_on_c, 0, 60, 31
1, 50597, Note_on_c, 0, 60, 0
1, 50608, Note_on_c, 0, 76, 0
1, 50658, Note_on_c, 0, 79, 64
1, 50685, Note_on_c, 0, 64, 35
1, 50702, Note_on_c, 0, 55, 24
1, 50981, Note_on_c, 0, 64, 0
1, 50994, Note_on_c, 0, 76, 31
1, 51001, Note_on_c, 0, 79, 0
1, 51001, Note_on_c, 0, 60, 30
1, 51062, Note_on_c, 0, 76, 0
1, 51129, Note_on_c, 0, 74, 20
1, 51129, Note_on_c, 0, 60, 0
1, 51151, Note_on_c, 0, 59, 21
1, 51292, Note_on_c, 0, 55, 0
1, 51331, Control_c, 0, 64, 127
1, 51346, Note_on_c, 0, 74, 0
1, 51448, Note_on_c, 0, 59, 0
1, 51504, Note_on_c, 0, 48, 27
1, 51510, Note_on_c, 0, 74, 60
1, 51510, Control_c, 0, 64, 0
1, 51568, Note_on_c, 0, 74, 0
1, 51589, Note_on_c, 0, 72, 44
1, 51646, Note_on_c, 0, 72, 0
1, 51674, Note_on_c, 0, 71, 59
1, 51727, Note_on_c, 0, 71, 0
1, 51752, Note_on_c, 0, 72, 53
1, 51814, Note_on_c, 0, 72, 0
1, 51827, Note_on_c, 0, 48, 0
1, 51831, Note_on_c, 0, 60, 36
1, 51836, Note_on_c, 0, 71, 71
1, 51884, Note_on_c, 0, 71, 0
1, 51914, Note_on_c, 0, 72, 54
1, 51967, Note_on_c, 0, 72, 0
1, 51987, Note_on_c, 0, 71, 72
1, 52026, Note_on_c, 0, 71, 0
1, 52059, Note_on_c, 0, 72, 79
1, 52136, Note_on_c, 0, 72, 0
1, 52162, Note_on_c, 0, 81, 87
1, 52162, Note_on_c, 0, 60, 0
1, 52167, Note_on_c, 0, 64, 51
1, 52243, Note_on_c, 0, 79, 85
1, 52273, Note_on_c, 0, 81, 0
1, 52291, Note_on_c, 0, 79, 0
1, 52309, Note_on_c, 0, 78, 78
1, 52394, Note_on_c, 0, 79, 98
1, 52405, Note_on_c, 0, 78, 0
1, 52474, Note_on_c, 0, 78, 64
1, 52477, Note_on_c, 0, 60, 40
1, 52477, Note_on_c, 0, 79, 0
1, 52550, Note_on_c, 0, 79, 80
1, 52555, Note_on_c, 0, 64, 0
1, 52555, Note_on_c, 0, 78, 0
1, 52613, Note_on_c, 0, 79, 0
1, 52622, Note_on_c, 0, 78, 72
1, 52696, Note_on_c, 0, 78, 0
1, 52710, Note_on_c, 0, 79, 91
1, 52756, Note_on_c, 0, 79, 0
1, 52780, Note_on_c, 0, 60, 0
1, 52792, Note_on_c, 0, 80, 85
1, 52792, Note_on_c, 0, 65, 39
1, 52864, Note_on_c, 0, 80, 0
1, 52870, Note_on_c, 0, 81, 85
1, 52947, Note_on_c, 0, 81, 0
1, 52958, Note_on_c, 0, 84, 87
1, 53032, Note_on_c, 0, 83, 103
1, 53045, Note_on_c, 0, 84, 0
1, 53114, Note_on_c, 0, 83, 0
1, 53121, Note_on_c, 0, 86, 86
1, 53121, Note_on_c, 0, 60, 30
1, 53179, Note_on_c, 0, 65, 0
1, 53206, Note_on_c, 0, 84, 75
1, 53231, Note_on_c, 0, 86, 0
1, 53277, Note_on_c, 0, 83, 98
1, 53288, Note_on_c, 0, 84, 0
1, 53338, Note_on_c, 0, 83, 0
1, 53351, Note_on_c, 0, 81, 73
1, 53388, Note_on_c, 0, 81, 0
1, 53404, Note_on_c, 0, 60, 0
1, 53437, Note_on_c, 0, 64, 35
1, 53446, Note_on_c, 0, 81, 70
1, 53525, Note_on_c, 0, 81, 0
1, 53532, Note_on_c, 0, 79, 78
1, 53582, Note_on_c, 0, 79, 0
1, 53621, Note_on_c, 0, 88, 72
1, 53674, Note_on_c, 0, 64, 0
1, 53695, Note_on_c, 0, 88, 0
1, 53720, Note_on_c, 0, 86, 59
1, 53781, Note_on_c, 0, 84, 55
1, 53784, Note_on_c, 0, 86, 0
1, 53853, Note_on_c, 0, 84, 0
1, 53862, Note_on_c, 0, 83, 88
1, 53922, Note_on_c, 0, 83, 0
1, 53948, Note_on_c, 0, 81, 50
1, 54017, Note_on_c, 0, 81, 0
1, 54026, Note_on_c, 0, 79, 69
1, 54034, Note_on_c, 0, 61, 34
1, 54090, Note_on_c, 0, 61, 0
1, 54109, Note_on_c, 0, 62, 67
1, 54187, Note_on_c, 0, 77, 70
1, 54192, Note_on_c, 0, 79, 0
1, 54252, Note_on_c, 0, 77, 0
1, 54273, Note_on_c, 0, 86, 78
1, 54305, Note_on_c, 0, 62, 0
1, 54360, Note_on_c, 0, 84, 83
1, 54382, Note_on_c, 0, 86, 0
1, 54438, Note_on_c, 0, 83, 93
1, 54455, Note_on_c, 0, 84, 0
1, 54521, Note_on_c, 0, 81, 71
1, 54538, Note_on_c, 0, 83, 0
1, 54596, Note_on_c, 0, 79, 79
1, 54599, Note_on_c, 0, 81, 0
1, 54678, Note_on_c, 0, 79, 0
1, 54686, Note_on_c, 0, 59, 70
1, 54694, Note_on_c, 0, 77, 64
1, 54719, Note_on_c, 0, 59, 0
1, 54778, Note_on_c, 0, 60, 65
1, 54825, Note_on_c, 0, 77, 0
1, 54825, Note_on_c, 0, 76, 63
1, 54909, Note_on_c, 0, 76, 0
1, 54922, Note_on_c, 0, 84, 86
1, 54979, Note_on_c, 0, 60, 0
1, 55007, Note_on_c, 0, 83, 97
1, 55020, Note_on_c, 0, 84, 0
1, 55071, Note_on_c, 0, 81, 72
1, 55095, Note_on_c, 0, 83, 0
1, 55156, Note_on_c, 0, 79, 83
1, 55178, Note_on_c, 0, 81, 0
1, 55226, Note_on_c, 0, 77, 73
1, 55229, Note_on_c, 0, 79, 0
1, 55291, Note_on_c, 0, 77, 0
1, 55307, Note_on_c, 0, 76, 69
1, 55316, Note_on_c, 0, 57, 46
1, 55368, Note_on_c, 0, 57, 0
1, 55407, Note_on_c, 0, 76, 0
1, 55407, Note_on_c, 0, 74, 73
1, 55435, Note_on_c, 0, 53, 72
1, 55527, Note_on_c, 0, 53, 0
1, 55532, Note_on_c, 0, 74, 0
1, 55591, Note_on_c, 0, 81, 62
1, 55764, Note_on_c, 0, 81, 0
1, 55769, Note_on_c, 0, 79, 60
1, 55777, Note_on_c, 0, 55, 46
1, 55836, Note_on_c, 0, 55, 0
1, 55922, Note_on_c, 0, 79, 0
1, 55943, Note_on_c, 0, 71, 52
1, 56062, Note_on_c, 0, 71, 0
1, 56148, Note_on_c, 0, 72, 33
1, 56162, Note_on_c, 0, 60, 25
1, 56277, Note_on_c, 0, 60, 0
1, 56591, Note_on_c, 0, 48, 31
1, 56756, Note_on_c, 0, 72, 0
1, 56776, Note_on_c, 0, 48, 0
1, 56795, Control_c, 0, 64, 127
1, 56831, Control_c, 0, 64, 0
1, 57332, Note_on_c, 0, 48, 83
1, 57338, Note_on_c, 0, 72, 74
1, 57383, Note_on_c, 0, 48, 0
1, 57401, Note_on_c, 0, 60, 70
1, 57446, Note_on_c, 0, 60, 0
1, 57491, Note_on_c, 0, 59, 74
1, 57535, Note_on_c, 0, 59, 0
1, 57549, Note_on_c, 0, 72, 0
1, 57571, Note_on_c, 0, 60, 61
1, 57619, Note_on_c, 0, 60, 0
1, 57635, Note_on_c, 0, 72, 67
1, 57647, Note_on_c, 0, 62, 79
1, 57681, Note_on_c, 0, 62, 0
1, 57737, Note_on_c, 0, 60, 66
1, 57781, Note_on_c, 0, 60, 0
1, 57809, Note_on_c, 0, 72, 0
1, 57812, Note_on_c, 0, 59, 70
1, 57850, Note_on_c, 0, 59, 0
1, 57895, Note_on_c, 0, 60, 57
1, 57940, Note_on_c, 0, 60, 0
1, 57951, Note_on_c, 0, 79, 83
1, 57957, Note_on_c, 0, 72, 59
1, 57964, Note_on_c, 0, 52, 81
1, 58000, Note_on_c, 0, 52, 0
1, 58021, Note_on_c, 0, 60, 63
1, 58078, Note_on_c, 0, 60, 0
1, 58126, Note_on_c, 0, 59, 60
1, 58151, Note_on_c, 0, 72, 0
1, 58165, Note_on_c, 0, 59, 0
1, 58179, Note_on_c, 0, 79, 0
1, 58190, Note_on_c, 0, 60, 75
1, 58237, Note_on_c, 0, 60, 0
1, 58266, Note_on_c, 0, 79, 90
1, 58271, Note_on_c, 0, 72, 65
1, 58282, Note_on_c, 0, 62, 65
1, 58318, Note_on_c, 0, 62, 0
1, 58346, Note_on_c, 0, 60, 84
1, 58402, Note_on_c, 0, 60, 0
1, 58421, Note_on_c, 0, 72, 0
1, 58433, Note_on_c, 0, 59, 74
1, 58475, Note_on_c, 0, 59, 0
1, 58517, Note_on_c, 0, 60, 66
1, 58558, Note_on_c, 0, 60, 0
1, 58583, Note_on_c, 0, 81, 92
1, 58586, Note_on_c, 0, 53, 103
1, 58589, Note_on_c, 0, 72, 79
1, 58630, Note_on_c, 0, 53, 0
1, 58667, Note_on_c, 0, 60, 66
1, 58712, Note_on_c, 0, 60, 0
1, 58750, Note_on_c, 0, 59, 70
1, 58790, Note_on_c, 0, 59, 0
1, 58826, Note_on_c, 0, 60, 83
1, 58876, Note_on_c, 0, 60, 0
1, 58914, Note_on_c, 0, 79, 0
1, 58914, Note_on_c, 0, 62, 74
1, 58914, Note_on_c, 0, 77, 86
1, 58946, Note_on_c, 0, 62, 0
1, 58989, Note_on_c, 0, 60, 79
1, 59037, Note_on_c, 0, 60, 0
1, 59079, Note_on_c, 0, 59, 60
1, 59116, Note_on_c, 0, 59, 0
1, 59159, Note_on_c, 0, 60, 66
1, 59204, Note_on_c, 0, 60, 0
1, 59240, Note_on_c, 0, 48, 68
1, 59243, Note_on_c, 0, 79, 85
1, 59280, Note_on_c, 0, 48, 0
1, 59283, Note_on_c, 0, 81, 0
1, 59324, Note_on_c, 0, 60, 65
1, 59369, Note_on_c, 0, 60, 0
1, 59407, Note_on_c, 0, 59, 64
1, 59449, Note_on_c, 0, 59, 0
1, 59496, Note_on_c, 0, 60, 64
1, 59536, Note_on_c, 0, 60, 0
1, 59569, Note_on_c, 0, 62, 59
1, 59569, Note_on_c, 0, 77, 0
1, 59574, Note_on_c, 0, 76, 55
1, 59606, Note_on_c, 0, 62, 0
1, 59638, Note_on_c, 0, 60, 66
1, 59675, Note_on_c, 0, 60, 0
1, 59724, Note_on_c, 0, 59, 48
1, 59759, Note_on_c, 0, 72, 0
1, 59765, Note_on_c, 0, 59, 0
1, 59787, Note_on_c, 0, 60, 61
1, 59833, Note_on_c, 0, 60, 0
1, 59884, Note_on_c, 0, 77, 78
1, 59884, Note_on_c, 0, 45, 89
1, 59892, Note_on_c, 0, 72, 53
1, 59898, Note_on_c, 0, 79, 0
1, 59925, Note_on_c, 0, 45, 0
1, 59970, Note_on_c, 0, 57, 67
1, 60007, Note_on_c, 0, 57, 0
1, 60031, Note_on_c, 0, 72, 0
1, 60037, Note_on_c, 0, 56, 70
1, 60109, Note_on_c, 0, 76, 0
1, 60115, Note_on_c, 0, 77, 0
1, 60115, Note_on_c, 0, 56, 0
1, 60123, Note_on_c, 0, 57, 59
1, 60166, Note_on_c, 0, 57, 0
1, 60205, Note_on_c, 0, 77, 61
1, 60205, Note_on_c, 0, 47, 98
1, 60212, Note_on_c, 0, 74, 62
1, 60212, Note_on_c, 0, 67, 62
1, 60262, Note_on_c, 0, 47, 0
1, 60293, Note_on_c, 0, 59, 66
1, 60330, Note_on_c, 0, 59, 0
1, 60346, Note_on_c, 0, 74, 0
1, 60352, Note_on_c, 0, 58, 67
1, 60359, Note_on_c, 0, 67, 0
1, 60400, Note_on_c, 0, 58, 0
1, 60450, Note_on_c, 0, 59, 64
1, 60488, Note_on_c, 0, 59, 0
1, 60519, Note_on_c, 0, 48, 95
1, 60522, Note_on_c, 0, 76, 68
1, 60522, Note_on_c, 0, 74, 78
1, 60525, Note_on_c, 0, 67, 64
1, 60530, Note_on_c, 0, 77, 0
1, 60594, Note_on_c, 0, 48, 0
1, 60602, Note_on_c, 0, 60, 86
1, 60650, Note_on_c, 0, 60, 0
1, 60695, Note_on_c, 0, 59, 71
1, 60714, Note_on_c, 0, 76, 0
1, 60714, Note_on_c, 0, 67, 0
1, 60733, Note_on_c, 0, 59, 0
1, 60759, Note_on_c, 0, 60, 83
1, 60794, Note_on_c, 0, 60, 0
1, 60815, Note_on_c, 0, 74, 0
1, 60843, Note_on_c, 0, 76, 73
1, 60848, Note_on_c, 0, 72, 68
1, 60848, Note_on_c, 0, 69, 55
1, 60853, Note_on_c, 0, 45, 87
1, 60882, Note_on_c, 0, 45, 0
1, 60903, Note_on_c, 0, 57, 83
1, 60923, Note_on_c, 0, 72, 0
1, 60964, Note_on_c, 0, 57, 0
1, 61004, Note_on_c, 0, 56, 59
1, 61010, Note_on_c, 0, 69, 0
1, 61032, Note_on_c, 0, 76, 0
1, 61070, Note_on_c, 0, 57, 72
1, 61077, Note_on_c, 0, 56, 0
1, 61104, Note_on_c, 0, 57, 0
1, 61162, Note_on_c, 0, 74, 82
1, 61166, Note_on_c, 0, 41, 98
1, 61171, Note_on_c, 0, 69, 54
1, 61174, Note_on_c, 0, 72, 64
1, 61201, Note_on_c, 0, 41, 0
1, 61233, Note_on_c, 0, 72, 0
1, 61237, Note_on_c, 0, 53, 103
1, 61274, Note_on_c, 0, 53, 0
1, 61318, Note_on_c, 0, 74, 0
1, 61322, Note_on_c, 0, 52, 83
1, 61377, Note_on_c, 0, 52, 0
1, 61393, Note_on_c, 0, 53, 103
1, 61432, Note_on_c, 0, 53, 0
1, 61436, Note_on_c, 0, 69, 0
1, 61464, Note_on_c, 0, 67, 76
1, 61469, Note_on_c, 0, 43, 87
1, 61472, Note_on_c, 0, 74, 72
1, 61472, Note_on_c, 0, 71, 69
1, 61514, Note_on_c, 0, 43, 0
1, 61547, Note_on_c, 0, 55, 84
1, 61563, Note_on_c, 0, 67, 0
1, 61584, Note_on_c, 0, 55, 0
1, 61587, Note_on_c, 0, 74, 0
1, 61625, Note_on_c, 0, 54, 65
1, 61659, Note_on_c, 0, 71, 0
1, 61675, Note_on_c, 0, 54, 0
1, 61695, Note_on_c, 0, 55, 67
1, 61717, Note_on_c, 0, 65, 70
1, 61736, Note_on_c, 0, 55, 0
1, 61762, Note_on_c, 0, 65, 0
1, 61801, Note_on_c, 0, 36, 91
1, 61801, Note_on_c, 0, 72, 72
1, 61804, Note_on_c, 0, 64, 65
1, 61807, Note_on_c, 0, 67, 66
1, 61912, Note_on_c, 0, 36, 0
1, 62126, Note_on_c, 0, 64, 0
1, 62144, Note_on_c, 0, 48, 67
1, 62213, Note_on_c, 0, 48, 0
1, 62240, Note_on_c, 0, 67, 0
1, 62249, Control_c, 0, 64, 127
1, 62291, Note_on_c, 0, 72, 0
1, 62333, Control_c, 0, 64, 0
1, 62477, Note_on_c, 0, 72, 58
1, 62480, Note_on_c, 0, 48, 49
1, 62530, Note_on_c, 0, 48, 0
1, 62563, Note_on_c, 0, 60, 48
1, 62614, Note_on_c, 0, 60, 0
1, 62651, Note_on_c, 0, 59, 63
1, 62666, Note_on_c, 0, 72, 0
1, 62689, Note_on_c, 0, 59, 0
1, 62742, Note_on_c, 0, 60, 38
1, 62793, Note_on_c, 0, 72, 54
1, 62798, Note_on_c, 0, 60, 0
1, 62804, Note_on_c, 0, 62, 71
1, 62842, Note_on_c, 0, 62, 0
1, 62889, Note_on_c, 0, 60, 49
1, 62942, Note_on_c, 0, 60, 0
1, 62968, Note_on_c, 0, 59, 57
1, 62977, Note_on_c, 0, 72, 0
1, 63009, Note_on_c, 0, 59, 0
1, 63043, Note_on_c, 0, 60, 52
1, 63090, Note_on_c, 0, 60, 0
1, 63119, Note_on_c, 0, 79, 75
1, 63122, Note_on_c, 0, 52, 78
1, 63135, Note_on_c, 0, 72, 46
1, 63154, Note_on_c, 0, 52, 0
1, 63188, Note_on_c, 0, 60, 62
1, 63244, Note_on_c, 0, 60, 0
1, 63291, Note_on_c, 0, 59, 54
1, 63316, Note_on_c, 0, 72, 0
1, 63332, Note_on_c, 0, 59, 0
1, 63352, Note_on_c, 0, 79, 0
1, 63364, Note_on_c, 0, 60, 67
1, 63410, Note_on_c, 0, 60, 0
1, 63450, Note_on_c, 0, 62, 57
1, 63453, Note_on_c, 0, 79, 73
1, 63464, Note_on_c, 0, 72, 41
1, 63488, Note_on_c, 0, 62, 0
1, 63531, Note_on_c, 0, 60, 63
1, 63578, Note_on_c, 0, 60, 0
1, 63620, Note_on_c, 0, 59, 48
1, 63644, Note_on_c, 0, 72, 0
1, 63661, Note_on_c, 0, 59, 0
1, 63706, Note_on_c, 0, 60, 51
1, 63754, Note_on_c, 0, 60, 0
1, 63775, Note_on_c, 0, 81, 69
1, 63775, Note_on_c, 0, 53, 91
1, 63787, Note_on_c, 0, 72, 56
1, 63809, Note_on_c, 0, 53, 0
1, 63860, Note_on_c, 0, 60, 43
1, 63907, Note_on_c, 0, 60, 0
1, 63945, Note_on_c, 0, 59, 57
1, 63982, Note_on_c, 0, 59, 0
1, 64030, Note_on_c, 0, 60, 62
1, 64074, Note_on_c, 0, 60, 0
1, 64108, Note_on_c, 0, 79, 0
1, 64113, Note_on_c, 0, 62, 53
1, 64123, Note_on_c, 0, 77, 61
1, 64154, Note_on_c, 0, 62, 0
1, 64202, Note_on_c, 0, 60, 55
1, 64249, Note_on_c, 0, 60, 0
1, 64275, Note_on_c, 0, 59, 59
1, 64304, Note_on_c, 0, 72, 0
1, 64308, Note_on_c, 0, 77, 0
1, 64311, Note_on_c, 0, 59, 0
1, 64357, Note_on_c, 0, 60, 41
1, 64406, Note_on_c, 0, 60, 0
1, 64425, Note_on_c, 0, 79, 68
1, 64433, Note_on_c, 0, 72, 41
1, 64438, Note_on_c, 0, 48, 68
1, 64438, Note_on_c, 0, 81, 0
1, 64438, Note_on_c, 0, 77, 58
1, 64474, Note_on_c, 0, 48, 0
1, 64498, Note_on_c, 0, 77, 0
1, 64511, Note_on_c, 0, 60, 62
1, 64552, Note_on_c, 0, 60, 0
1, 64575, Note_on_c, 0, 77, 4
1, 64600, Note_on_c, 0, 59, 57
1, 64639, Note_on_c, 0, 59, 0
1, 64679, Note_on_c, 0, 60, 59
1, 64722, Note_on_c, 0, 60, 0
1, 64757, Note_on_c, 0, 77, 0
1, 64757, Note_on_c, 0, 76, 51
1, 64761, Note_on_c, 0, 62, 53
1, 64803, Note_on_c, 0, 62, 0
1, 64832, Note_on_c, 0, 60, 55
1, 64871, Note_on_c, 0, 72, 0
1, 64876, Note_on_c, 0, 60, 0
1, 64898, Note_on_c, 0, 59, 57
1, 64937, Note_on_c, 0, 59, 0
1, 64981, Note_on_c, 0, 60, 43
1, 65034, Note_on_c, 0, 60, 0
1, 65063, Note_on_c, 0, 45, 82
1, 65068, Note_on_c, 0, 79, 0
1, 65074, Note_on_c, 0, 72, 46
1, 65074, Note_on_c, 0, 77, 55
1, 65102, Note_on_c, 0, 45, 0
1, 65143, Note_on_c, 0, 72, 0
1, 65143, Note_on_c, 0, 57, 58
1, 65183, Note_on_c, 0, 57, 0
1, 65211, Note_on_c, 0, 56, 58
1, 65247, Note_on_c, 0, 76, 0
1, 65285, Note_on_c, 0, 77, 0
1, 65285, Note_on_c, 0, 56, 0
1, 65310, Note_on_c, 0, 57, 51
1, 65353, Note_on_c, 0, 57, 0
1, 65378, Note_on_c, 0, 77, 47
1, 65388, Note_on_c, 0, 74, 60
1, 65388, Note_on_c, 0, 47, 81
1, 65388, Note_on_c, 0, 67, 53
1, 65422, Note_on_c, 0, 47, 0
1, 65474, Note_on_c, 0, 59, 54
1, 65512, Note_on_c, 0, 59, 0
1, 65512, Note_on_c, 0, 67, 0
1, 65528, Note_on_c, 0, 74, 0
1, 65547, Note_on_c, 0, 58, 34
1, 65606, Note_on_c, 0, 58, 0
1, 65617, Note_on_c, 0, 59, 45
1, 65656, Note_on_c, 0, 59, 0
1, 65693, Note_on_c, 0, 76, 63
1, 65701, Note_on_c, 0, 77, 0
1, 65706, Note_on_c, 0, 48, 71
1, 65706, Note_on_c, 0, 67, 48
1, 65709, Note_on_c, 0, 74, 59
1, 65746, Note_on_c, 0, 48, 0
1, 65770, Note_on_c, 0, 74, 0
1, 65776, Note_on_c, 0, 60, 70
1, 65817, Note_on_c, 0, 60, 0
1, 65857, Note_on_c, 0, 76, 0
1, 65863, Note_on_c, 0, 67, 0
1, 65867, Note_on_c, 0, 59, 21
1, 65878, Note_on_c, 0, 74, 2
1, 65915, Note_on_c, 0, 59, 0
1, 65938, Note_on_c, 0, 60, 73
1, 65974, Note_on_c, 0, 60, 0
1, 66026, Note_on_c, 0, 74, 0
1, 66030, Note_on_c, 0, 72, 50
1, 66034, Note_on_c, 0, 76, 55
1, 66038, Note_on_c, 0, 69, 34
1, 66044, Note_on_c, 0, 45, 70
1, 66082, Note_on_c, 0, 45, 0
1, 66107, Note_on_c, 0, 57, 60
1, 66132, Note_on_c, 0, 72, 0
1, 66147, Note_on_c, 0, 57, 0
1, 66182, Note_on_c, 0, 56, 53
1, 66213, Note_on_c, 0, 76, 0
1, 66229, Note_on_c, 0, 69, 0
1, 66238, Note_on_c, 0, 56, 0
1, 66253, Note_on_c, 0, 57, 48
1, 66296, Note_on_c, 0, 57, 0
1, 66347, Note_on_c, 0, 74, 69
1, 66347, Note_on_c, 0, 69, 52
1, 66352, Note_on_c, 0, 41, 84
1, 66355, Note_on_c, 0, 72, 57
1, 66385, Note_on_c, 0, 41, 0
1, 66402, Note_on_c, 0, 72, 0
1, 66420, Note_on_c, 0, 53, 98
1, 66464, Note_on_c, 0, 53, 0
1, 66508, Note_on_c, 0, 52, 66
1, 66541, Note_on_c, 0, 74, 0
1, 66550, Note_on_c, 0, 52, 0
1, 66559, Note_on_c, 0, 69, 0
1, 66589, Note_on_c, 0, 53, 90
1, 66622, Note_on_c, 0, 53, 0
1, 66661, Note_on_c, 0, 74, 64
1, 66661, Note_on_c, 0, 43, 81
1, 66667, Note_on_c, 0, 67, 56
1, 66667, Note_on_c, 0, 71, 52
1, 66698, Note_on_c, 0, 43, 0
1, 66720, Note_on_c, 0, 71, 0
1, 66736, Note_on_c, 0, 67, 0
1, 66736, Note_on_c, 0, 55, 73
1, 66776, Note_on_c, 0, 55, 0
1, 66817, Note_on_c, 0, 74, 0
1, 66828, Note_on_c, 0, 54, 48
1, 66878, Note_on_c, 0, 54, 0
1, 66882, Note_on_c, 0, 55, 69
1, 66892, Note_on_c, 0, 65, 44
1, 66918, Note_on_c, 0, 55, 0
1, 66931, Note_on_c, 0, 65, 0
1, 66976, Note_on_c, 0, 72, 62
1, 66987, Note_on_c, 0, 64, 65
1, 66991, Note_on_c, 0, 67, 61
1, 67007, Note_on_c, 0, 36, 79
1, 67068, Note_on_c, 0, 67, 0
1, 67068, Note_on_c, 0, 64, 0
1, 67083, Note_on_c, 0, 36, 0
1, 67086, Note_on_c, 0, 72, 0
1, 67091, Control_c, 0, 64, 127
1, 67341, Note_on_c, 0, 48, 56
1, 67403, Control_c, 0, 64, 0
1, 67477, Note_on_c, 0, 48, 0
1, 67644, Note_on_c, 0, 79, 62
1, 67654, Note_on_c, 0, 72, 42
1, 67654, Note_on_c, 0, 55, 63
1, 67694, Note_on_c, 0, 55, 0
1, 67716, Note_on_c, 0, 64, 67
1, 67755, Note_on_c, 0, 64, 0
1, 67813, Note_on_c, 0, 63, 52
1, 67819, Note_on_c, 0, 72, 0
1, 67852, Note_on_c, 0, 63, 0
1, 67860, Note_on_c, 0, 79, 0
1, 67895, Note_on_c, 0, 64, 28
1, 67947, Note_on_c, 0, 64, 0
1, 67953, Note_on_c, 0, 65, 56
1, 67962, Note_on_c, 0, 79, 69
1, 67983, Note_on_c, 0, 72, 42
1, 67992, Note_on_c, 0, 65, 0
1, 68023, Note_on_c, 0, 64, 61
1, 68059, Note_on_c, 0, 72, 0
1, 68072, Note_on_c, 0, 64, 0
1, 68134, Note_on_c, 0, 63, 44
1, 68181, Note_on_c, 0, 63, 0
1, 68200, Note_on_c, 0, 64, 52
1, 68242, Note_on_c, 0, 64, 0
1, 68278, Note_on_c, 0, 79, 0
1, 68289, Note_on_c, 0, 77, 67
1, 68289, Note_on_c, 0, 55, 71
1, 68298, Note_on_c, 0, 72, 44
1, 68332, Note_on_c, 0, 55, 0
1, 68363, Note_on_c, 0, 62, 66
1, 68404, Note_on_c, 0, 62, 0
1, 68437, Note_on_c, 0, 61, 64
1, 68498, Note_on_c, 0, 61, 0
1, 68501, Note_on_c, 0, 72, 0
1, 68530, Note_on_c, 0, 77, 0
1, 68540, Note_on_c, 0, 62, 47
1, 68583, Note_on_c, 0, 62, 0
1, 68597, Note_on_c, 0, 77, 49
1, 68618, Note_on_c, 0, 64, 63
1, 68618, Note_on_c, 0, 71, 46
1, 68661, Note_on_c, 0, 64, 0
1, 68716, Note_on_c, 0, 62, 39
1, 68716, Note_on_c, 0, 71, 0
1, 68763, Note_on_c, 0, 62, 0
1, 68769, Note_on_c, 0, 61, 54
1, 68819, Note_on_c, 0, 61, 0
1, 68838, Note_on_c, 0, 62, 43
1, 68886, Note_on_c, 0, 62, 0
1, 68928, Note_on_c, 0, 76, 62
1, 68928, Note_on_c, 0, 55, 66
1, 68934, Note_on_c, 0, 77, 0
1, 68939, Note_on_c, 0, 72, 43
1, 68967, Note_on_c, 0, 55, 0
1, 69014, Note_on_c, 0, 67, 65
1, 69058, Note_on_c, 0, 67, 0
1, 69111, Note_on_c, 0, 66, 39
1, 69123, Note_on_c, 0, 72, 0
1, 69161, Note_on_c, 0, 66, 0
1, 69171, Note_on_c, 0, 76, 0
1, 69171, Note_on_c, 0, 74, 75
1, 69175, Note_on_c, 0, 67, 65
1, 69218, Note_on_c, 0, 74, 0
1, 69226, Note_on_c, 0, 67, 0
1, 69256, Note_on_c, 0, 72, 59
1, 69256, Note_on_c, 0, 76, 50
1, 69271, Note_on_c, 0, 69, 45
1, 69323, Note_on_c, 0, 69, 0
1, 69337, Note_on_c, 0, 67, 73
1, 69379, Note_on_c, 0, 67, 0
1, 69418, Note_on_c, 0, 66, 51
1, 69449, Note_on_c, 0, 72, 0
1, 69469, Note_on_c, 0, 66, 0
1, 69483, Note_on_c, 0, 76, 0
1, 69490, Note_on_c, 0, 77, 64
1, 69494, Note_on_c, 0, 67, 61
1, 69538, Note_on_c, 0, 67, 0
1, 69583, Note_on_c, 0, 71, 59
1, 69583, Note_on_c, 0, 55, 73
1, 69586, Note_on_c, 0, 77, 0
1, 69594, Note_on_c, 0, 76, 49
1, 69621, Note_on_c, 0, 55, 0
1, 69657, Note_on_c, 0, 65, 63
1, 69691, Note_on_c, 0, 65, 0
1, 69747, Note_on_c, 0, 64, 51
1, 69789, Note_on_c, 0, 64, 0
1, 69820, Note_on_c, 0, 65, 59
1, 69869, Note_on_c, 0, 65, 0
1, 69909, Note_on_c, 0, 67, 61
1, 69916, Note_on_c, 0, 74, 60
1, 69933, Note_on_c, 0, 76, 0
1, 69961, Note_on_c, 0, 67, 0
1, 70014, Note_on_c, 0, 65, 31
1, 70065, Note_on_c, 0, 65, 0
1, 70068, Note_on_c, 0, 64, 59
1, 70090, Note_on_c, 0, 71, 0
1, 70106, Note_on_c, 0, 64, 0
1, 70143, Note_on_c, 0, 74, 0
1, 70143, Note_on_c, 0, 65, 35
1, 70192, Note_on_c, 0, 65, 0
1, 70232, Note_on_c, 0, 79, 92
1, 70235, Note_on_c, 0, 72, 71
1, 70239, Note_on_c, 0, 55, 70
1, 70282, Note_on_c, 0, 55, 0
1, 70312, Note_on_c, 0, 64, 71
1, 70351, Note_on_c, 0, 64, 0
1, 70393, Note_on_c, 0, 63, 70
1, 70463, Note_on_c, 0, 63, 0
1, 70471, Note_on_c, 0, 72, 0
1, 70480, Note_on_c, 0, 79, 0
1, 70483, Note_on_c, 0, 64, 54
1, 70532, Note_on_c, 0, 64, 0
1, 70552, Note_on_c, 0, 79, 84
1, 70561, Note_on_c, 0, 72, 59
1, 70565, Note_on_c, 0, 65, 63
1, 70616, Note_on_c, 0, 65, 0
1, 70661, Note_on_c, 0, 64, 58
1, 70702, Note_on_c, 0, 64, 0
1, 70730, Note_on_c, 0, 63, 61
1, 70742, Note_on_c, 0, 72, 0
1, 70770, Note_on_c, 0, 63, 0
1, 70806, Note_on_c, 0, 64, 50
1, 70847, Note_on_c, 0, 64, 0
1, 70877, Note_on_c, 0, 77, 76
1, 70884, Note_on_c, 0, 71, 66
1, 70895, Note_on_c, 0, 79, 0
1, 70898, Note_on_c, 0, 55, 69
1, 70942, Note_on_c, 0, 55, 0
1, 70984, Note_on_c, 0, 62, 63
1, 71023, Note_on_c, 0, 62, 0
1, 71042, Note_on_c, 0, 61, 68
1, 71089, Note_on_c, 0, 71, 0
1, 71125, Note_on_c, 0, 61, 0
1, 71134, Note_on_c, 0, 77, 0
1, 71156, Note_on_c, 0, 62, 31
1, 71204, Note_on_c, 0, 62, 0
1, 71209, Note_on_c, 0, 77, 44
1, 71220, Note_on_c, 0, 64, 57
1, 71220, Note_on_c, 0, 71, 60
1, 71268, Note_on_c, 0, 64, 0
1, 71299, Note_on_c, 0, 62, 46
1, 71352, Note_on_c, 0, 62, 0
1, 71385, Note_on_c, 0, 61, 56
1, 71423, Note_on_c, 0, 71, 0
1, 71440, Note_on_c, 0, 61, 0
1, 71455, Note_on_c, 0, 62, 52
1, 71507, Note_on_c, 0, 62, 0
1, 71538, Note_on_c, 0, 77, 0
1, 71549, Note_on_c, 0, 55, 66
1, 71552, Note_on_c, 0, 67, 59
1, 71555, Note_on_c, 0, 76, 56
1, 71602, Note_on_c, 0, 55, 0
1, 71630, Note_on_c, 0, 60, 62
1, 71686, Note_on_c, 0, 60, 0
1, 71727, Note_on_c, 0, 59, 46
1, 71752, Note_on_c, 0, 67, 0
1, 71766, Note_on_c, 0, 76, 0
1, 71778, Note_on_c, 0, 59, 0
1, 71795, Note_on_c, 0, 74, 70
1, 71809, Note_on_c, 0, 60, 64
1, 71855, Note_on_c, 0, 60, 0
1, 71881, Note_on_c, 0, 76, 60
1, 71887, Note_on_c, 0, 74, 0
1, 71887, Note_on_c, 0, 67, 49
1, 71892, Note_on_c, 0, 62, 60
1, 71948, Note_on_c, 0, 62, 0
1, 71983, Note_on_c, 0, 60, 61
1, 71990, Note_on_c, 0, 67, 0
1, 72031, Note_on_c, 0, 60, 0
1, 72067, Note_on_c, 0, 59, 41
1, 72106, Note_on_c, 0, 76, 0
1, 72114, Note_on_c, 0, 59, 0
1, 72121, Note_on_c, 0, 77, 59
1, 72137, Note_on_c, 0, 60, 58
1, 72185, Note_on_c, 0, 60, 0
1, 72212, Note_on_c, 0, 67, 42
1, 72217, Note_on_c, 0, 76, 42
1, 72220, Note_on_c, 0, 77, 0
1, 72228, Note_on_c, 0, 55, 58
1, 72276, Note_on_c, 0, 55, 0
1, 72299, Note_on_c, 0, 59, 45
1, 72346, Note_on_c, 0, 59, 0
1, 72366, Note_on_c, 0, 58, 52
1, 72438, Note_on_c, 0, 58, 0
1, 72474, Note_on_c, 0, 59, 33
1, 72522, Note_on_c, 0, 76, 0
1, 72525, Note_on_c, 0, 59, 0
1, 72525, Note_on_c, 0, 74, 57
1, 72555, Note_on_c, 0, 60, 53
1, 72603, Note_on_c, 0, 60, 0
1, 72622, Note_on_c, 0, 67, 0
1, 72644, Note_on_c, 0, 59, 37
1, 72689, Note_on_c, 0, 59, 0
1, 72689, Note_on_c, 0, 58, 40
1, 72741, Note_on_c, 0, 58, 0
1, 72758, Note_on_c, 0, 59, 51
1, 72809, Note_on_c, 0, 74, 0
1, 72809, Note_on_c, 0, 59, 0
1, 72847, Note_on_c, 0, 72, 79
1, 72850, Note_on_c, 0, 64, 65
1, 72856, Note_on_c, 0, 67, 59
1, 72856, Note_on_c, 0, 48, 73
1, 72901, Note_on_c, 0, 48, 0
1, 72942, Note_on_c, 0, 60, 71
1, 72986, Note_on_c, 0, 60, 0
1, 73004, Note_on_c, 0, 64, 0
1, 73012, Note_on_c, 0, 67, 0
1, 73025, Note_on_c, 0, 59, 75
1, 73071, Note_on_c, 0, 59, 0
1, 73101, Note_on_c, 0, 60, 73
1, 73126, Note_on_c, 0, 72, 0
1, 73151, Note_on_c, 0, 60, 0
1, 73185, Note_on_c, 0, 62, 69
1, 73204, Note_on_c, 0, 74, 90
1, 73221, Note_on_c, 0, 62, 0
1, 73260, Note_on_c, 0, 60, 72
1, 73266, Note_on_c, 0, 72, 84
1, 73293, Note_on_c, 0, 74, 0
1, 73301, Note_on_c, 0, 60, 0
1, 73337, Note_on_c, 0, 59, 76
1, 73346, Note_on_c, 0, 71, 89
1, 73365, Note_on_c, 0, 72, 0
1, 73371, Note_on_c, 0, 59, 0
1, 73393, Note_on_c, 0, 71, 0
1, 73415, Note_on_c, 0, 72, 80
1, 73426, Note_on_c, 0, 60, 65
1, 73477, Note_on_c, 0, 60, 0
1, 73508, Note_on_c, 0, 52, 81
1, 73519, Note_on_c, 0, 79, 102
1, 73530, Note_on_c, 0, 72, 0
1, 73564, Note_on_c, 0, 52, 0
1, 73594, Note_on_c, 0, 60, 75
1, 73646, Note_on_c, 0, 60, 0
1, 73685, Note_on_c, 0, 59, 72
1, 73728, Note_on_c, 0, 59, 0
1, 73759, Note_on_c, 0, 60, 77
1, 73759, Note_on_c, 0, 79, 0
1, 73819, Note_on_c, 0, 60, 0
1, 73841, Note_on_c, 0, 79, 87
1, 73850, Note_on_c, 0, 72, 68
1, 73850, Note_on_c, 0, 62, 72
1, 73895, Note_on_c, 0, 62, 0
1, 73939, Note_on_c, 0, 60, 69
1, 73997, Note_on_c, 0, 60, 0
1, 74023, Note_on_c, 0, 59, 73
1, 74050, Note_on_c, 0, 72, 0
1, 74065, Note_on_c, 0, 59, 0
1, 74112, Note_on_c, 0, 60, 64
1, 74154, Note_on_c, 0, 60, 0
1, 74171, Note_on_c, 0, 81, 80
1, 74171, Note_on_c, 0, 72, 69
1, 74179, Note_on_c, 0, 53, 103
1, 74232, Note_on_c, 0, 60, 64
1, 74259, Note_on_c, 0, 53, 0
1, 74274, Note_on_c, 0, 60, 0
1, 74314, Note_on_c, 0, 59, 71
1, 74351, Note_on_c, 0, 79, 0
1, 74354, Note_on_c, 0, 72, 0
1, 74362, Note_on_c, 0, 81, 0
1, 74387, Note_on_c, 0, 59, 0
1, 74405, Note_on_c, 0, 60, 71
1, 74504, Note_on_c, 0, 60, 0
1, 74513, Note_on_c, 0, 77, 71
1, 74513, Note_on_c, 0, 81, 73
1, 74521, Note_on_c, 0, 72, 47
1, 74521, Note_on_c, 0, 62, 71
1, 74572, Note_on_c, 0, 62, 0
1, 74585, Note_on_c, 0, 72, 0
1, 74600, Note_on_c, 0, 60, 60
1, 74652, Note_on_c, 0, 60, 0
1, 74678, Note_on_c, 0, 59, 55
1, 74702, Note_on_c, 0, 77, 0
1, 74717, Note_on_c, 0, 59, 0
1, 74745, Note_on_c, 0, 60, 53
1, 74798, Note_on_c, 0, 60, 0
1, 74834, Note_on_c, 0, 79, 79
1, 74845, Note_on_c, 0, 48, 64
1, 74845, Note_on_c, 0, 77, 49
1, 74848, Note_on_c, 0, 72, 32
1, 74855, Note_on_c, 0, 81, 0
1, 74886, Note_on_c, 0, 48, 0
1, 74906, Note_on_c, 0, 77, 0
1, 74920, Note_on_c, 0, 60, 69
1, 74968, Note_on_c, 0, 60, 0
1, 75004, Note_on_c, 0, 72, 0
1, 75011, Note_on_c, 0, 79, 0
1, 75017, Note_on_c, 0, 59, 53
1, 75057, Note_on_c, 0, 59, 0
1, 75078, Note_on_c, 0, 60, 52
1, 75126, Note_on_c, 0, 60, 0
1, 75153, Note_on_c, 0, 76, 57
1, 75157, Note_on_c, 0, 79, 77
1, 75163, Note_on_c, 0, 70, 52
1, 75163, Note_on_c, 0, 49, 81
1, 75199, Note_on_c, 0, 49, 0
1, 75238, Note_on_c, 0, 61, 73
1, 75280, Note_on_c, 0, 61, 0
1, 75321, Note_on_c, 0, 60, 60
1, 75348, Note_on_c, 0, 70, 0
1, 75369, Note_on_c, 0, 60, 0
1, 75397, Note_on_c, 0, 61, 74
1, 75433, Note_on_c, 0, 61, 0
1, 75455, Note_on_c, 0, 79, 0
1, 75466, Note_on_c, 0, 78, 71
1, 75471, Note_on_c, 0, 69, 49
1, 75479, Note_on_c, 0, 50, 96
1, 75524, Note_on_c, 0, 50, 0
1, 75553, Note_on_c, 0, 62, 70
1, 75592, Note_on_c, 0, 62, 0
1, 75631, Note_on_c, 0, 61, 68
1, 75641, Note_on_c, 0, 69, 0
1, 75684, Note_on_c, 0, 78, 0
1, 75688, Note_on_c, 0, 61, 0
1, 75711, Note_on_c, 0, 62, 59
1, 75752, Note_on_c, 0, 62, 0
1, 75773, Note_on_c, 0, 76, 0
1, 75783, Note_on_c, 0, 77, 79
1, 75783, Note_on_c, 0, 68, 61
1, 75783, Note_on_c, 0, 47, 96
1, 75797, Note_on_c, 0, 74, 51
1, 75833, Note_on_c, 0, 47, 0
1, 75864, Note_on_c, 0, 59, 69
1, 75900, Note_on_c, 0, 59, 0
1, 75928, Note_on_c, 0, 58, 65
1, 75986, Note_on_c, 0, 74, 0
1, 76001, Note_on_c, 0, 58, 0
1, 76004, Note_on_c, 0, 68, 0
1, 76014, Note_on_c, 0, 59, 64
1, 76050, Note_on_c, 0, 59, 0
1, 76090, Note_on_c, 0, 76, 66
1, 76090, Note_on_c, 0, 48, 95
1, 76098, Note_on_c, 0, 77, 0
1, 76098, Note_on_c, 0, 67, 62
1, 76098, Note_on_c, 0, 74, 58
1, 76145, Note_on_c, 0, 48, 0
1, 76170, Note_on_c, 0, 60, 74
1, 76210, Note_on_c, 0, 60, 0
1, 76246, Note_on_c, 0, 76, 0
1, 76254, Note_on_c, 0, 59, 72
1, 76263, Note_on_c, 0, 67, 0
1, 76291, Note_on_c, 0, 59, 0
1, 76330, Note_on_c, 0, 60, 55
1, 76377, Note_on_c, 0, 60, 0
1, 76408, Note_on_c, 0, 74, 0
1, 76408, Note_on_c, 0, 45, 92
1, 76408, Note_on_c, 0, 76, 66
1, 76411, Note_on_c, 0, 69, 52
1, 76411, Note_on_c, 0, 72, 56
1, 76443, Note_on_c, 0, 45, 0
1, 76463, Note_on_c, 0, 72, 0
1, 76482, Note_on_c, 0, 57, 75
1, 76518, Note_on_c, 0, 57, 0
1, 76546, Note_on_c, 0, 69, 0
1, 76561, Note_on_c, 0, 56, 54
1, 76614, Note_on_c, 0, 56, 0
1, 76638, Note_on_c, 0, 57, 60
1, 76678, Note_on_c, 0, 57, 0
1, 76725, Note_on_c, 0, 69, 47
1, 76725, Note_on_c, 0, 76, 0
1, 76725, Note_on_c, 0, 74, 69
1, 76730, Note_on_c, 0, 41, 93
1, 76730, Note_on_c, 0, 72, 54
1, 76761, Note_on_c, 0, 41, 0
1, 76786, Note_on_c, 0, 72, 0
1, 76792, Note_on_c, 0, 53, 98
1, 76834, Note_on_c, 0, 53, 0
1, 76884, Note_on_c, 0, 52, 81
1, 76929, Note_on_c, 0, 52, 0
1, 76932, Note_on_c, 0, 74, 0
1, 76961, Note_on_c, 0, 53, 94
1, 76998, Note_on_c, 0, 69, 0
1, 77003, Note_on_c, 0, 53, 0
1, 77034, Note_on_c, 0, 74, 69
1, 77034, Note_on_c, 0, 67, 66
1, 77034, Note_on_c, 0, 43, 83
1, 77040, Note_on_c, 0, 71, 66
1, 77076, Note_on_c, 0, 43, 0
1, 77090, Note_on_c, 0, 71, 0
1, 77117, Note_on_c, 0, 55, 76
1, 77124, Note_on_c, 0, 67, 0
1, 77152, Note_on_c, 0, 55, 0
1, 77199, Note_on_c, 0, 54, 56
1, 77234, Note_on_c, 0, 74, 0
1, 77246, Note_on_c, 0, 54, 0
1, 77255, Note_on_c, 0, 55, 58
1, 77262, Note_on_c, 0, 65, 56
1, 77298, Note_on_c, 0, 55, 0
1, 77305, Note_on_c, 0, 65, 0
1, 77360, Note_on_c, 0, 72, 66
1, 77365, Note_on_c, 0, 36, 83
1, 77371, Note_on_c, 0, 64, 64
1, 77379, Note_on_c, 0, 67, 43
1, 77463, Note_on_c, 0, 36, 0
1, 77510, Note_on_c, 0, 67, 0
1, 77705, Note_on_c, 0, 48, 58
1, 77708, Note_on_c, 0, 64, 0
1, 77755, Note_on_c, 0, 48, 0
1, 77784, Control_c, 0, 64, 127
1, 77797, Note_on_c, 0, 72, 0
1, 77892, Control_c, 0, 64, 0
1, 78046, Note_on_c, 0, 55, 57
1, 78054, Note_on_c, 0, 79, 58
1, 78057, Note_on_c, 0, 72, 43
1, 78093, Note_on_c, 0, 55, 0
1, 78120, Note_on_c, 0, 64, 48
1, 78165, Note_on_c, 0, 64, 0
1, 78205, Note_on_c, 0, 63, 48
1, 78241, Note_on_c, 0, 72, 0
1, 78248, Note_on_c, 0, 63, 0
1, 78258, Note_on_c, 0, 79, 0
1, 78293, Note_on_c, 0, 64, 50
1, 78333, Note_on_c, 0, 64, 0
1, 78377, Note_on_c, 0, 79, 77
1, 78377, Note_on_c, 0, 72, 46
1, 78386, Note_on_c, 0, 65, 27
1, 78436, Note_on_c, 0, 65, 0
1, 78441, Note_on_c, 0, 72, 0
1, 78464, Note_on_c, 0, 64, 50
1, 78503, Note_on_c, 0, 64, 0
1, 78538, Note_on_c, 0, 63, 59
1, 78583, Note_on_c, 0, 63, 0
1, 78639, Note_on_c, 0, 64, 21
1, 78687, Note_on_c, 0, 64, 0
1, 78703, Note_on_c, 0, 55, 69
1, 78709, Note_on_c, 0, 77, 72
1, 78725, Note_on_c, 0, 72, 32
1, 78730, Note_on_c, 0, 79, 0
1, 78744, Note_on_c, 0, 55, 0
1, 78794, Note_on_c, 0, 62, 53
1, 78837, Note_on_c, 0, 62, 0
1, 78867, Note_on_c, 0, 61, 66
1, 78926, Note_on_c, 0, 72, 0
1, 78931, Note_on_c, 0, 61, 0
1, 78962, Note_on_c, 0, 77, 0
1, 78979, Note_on_c, 0, 62, 36
1, 79031, Note_on_c, 0, 62, 0
1, 79035, Note_on_c, 0, 77, 45
1, 79053, Note_on_c, 0, 64, 57
1, 79053, Note_on_c, 0, 71, 51
1, 79102, Note_on_c, 0, 64, 0
1, 79148, Note_on_c, 0, 62, 39
1, 79194, Note_on_c, 0, 71, 0
1, 79194, Note_on_c, 0, 62, 0
1, 79219, Note_on_c, 0, 61, 48
1, 79271, Note_on_c, 0, 61, 0
1, 79297, Note_on_c, 0, 62, 44
1, 79346, Note_on_c, 0, 62, 0
1, 79388, Note_on_c, 0, 55, 60
1, 79388, Note_on_c, 0, 76, 53
1, 79388, Note_on_c, 0, 72, 41
1, 79393, Note_on_c, 0, 77, 0
1, 79430, Note_on_c, 0, 55, 0
1, 79480, Note_on_c, 0, 67, 53
1, 79530, Note_on_c, 0, 67, 0
1, 79556, Note_on_c, 0, 72, 0
1, 79570, Note_on_c, 0, 66, 45
1, 79616, Note_on_c, 0, 66, 0
1, 79642, Note_on_c, 0, 76, 0
1, 79647, Note_on_c, 0, 74, 64
1, 79647, Note_on_c, 0, 67, 57
1, 79694, Note_on_c, 0, 74, 0
1, 79694, Note_on_c, 0, 67, 0
1, 79730, Note_on_c, 0, 76, 33
1, 79730, Note_on_c, 0, 72, 40
1, 79739, Note_on_c, 0, 69, 38
1, 79797, Note_on_c, 0, 69, 0
1, 79814, Note_on_c, 0, 67, 60
1, 79857, Note_on_c, 0, 67, 0
1, 79904, Note_on_c, 0, 66, 28
1, 79964, Note_on_c, 0, 66, 0
1, 79968, Note_on_c, 0, 72, 0
1, 79974, Note_on_c, 0, 67, 57
1, 79987, Note_on_c, 0, 77, 62
1, 79987, Note_on_c, 0, 76, 0
1, 80018, Note_on_c, 0, 67, 0
1, 80068, Note_on_c, 0, 55, 68
1, 80087, Note_on_c, 0, 76, 30
1, 80087, Note_on_c, 0, 71, 46
1, 80096, Note_on_c, 0, 77, 0
1, 80110, Note_on_c, 0, 55, 0
1, 80149, Note_on_c, 0, 65, 56
1, 80188, Note_on_c, 0, 65, 0
1, 80240, Note_on_c, 0, 64, 54
1, 80285, Note_on_c, 0, 64, 0
1, 80324, Note_on_c, 0, 65, 55
1, 80369, Note_on_c, 0, 65, 0
1, 80418, Note_on_c, 0, 67, 59
1, 80441, Note_on_c, 0, 74, 61
1, 80463, Note_on_c, 0, 76, 0
1, 80472, Note_on_c, 0, 67, 0
1, 80527, Note_on_c, 0, 65, 41
1, 80575, Note_on_c, 0, 65, 0
1, 80611, Note_on_c, 0, 64, 48
1, 80647, Note_on_c, 0, 71, 0
1, 80647, Note_on_c, 0, 64, 0
1, 80681, Note_on_c, 0, 65, 43
1, 80730, Note_on_c, 0, 65, 0
1, 80737, Note_on_c, 0, 74, 0
1, 80778, Note_on_c, 0, 72, 61
1, 80778, Note_on_c, 0, 79, 86
1, 80778, Note_on_c, 0, 55, 70
1, 80829, Note_on_c, 0, 55, 0
1, 80873, Note_on_c, 0, 64, 61
1, 80917, Note_on_c, 0, 64, 0
1, 80945, Note_on_c, 0, 63, 66
1, 81007, Note_on_c, 0, 63, 0
1, 81034, Note_on_c, 0, 64, 64
1, 81051, Note_on_c, 0, 72, 0
1, 81063, Note_on_c, 0, 79, 0
1, 81081, Note_on_c, 0, 64, 0
1, 81110, Note_on_c, 0, 79, 97
1, 81115, Note_on_c, 0, 72, 52
1, 81118, Note_on_c, 0, 65, 61
1, 81171, Note_on_c, 0, 65, 0
1, 81207, Note_on_c, 0, 64, 64
1, 81255, Note_on_c, 0, 64, 0
1, 81283, Note_on_c, 0, 63, 64
1, 81324, Note_on_c, 0, 63, 0
1, 81339, Note_on_c, 0, 72, 0
1, 81363, Note_on_c, 0, 64, 64
1, 81408, Note_on_c, 0, 64, 0
1, 81450, Note_on_c, 0, 72, 70
1, 81450, Note_on_c, 0, 77, 88
1, 81464, Note_on_c, 0, 55, 64
1, 81485, Note_on_c, 0, 79, 0
1, 81517, Note_on_c, 0, 55, 0
1, 81555, Note_on_c, 0, 62, 63
1, 81600, Note_on_c, 0, 62, 0
1, 81633, Note_on_c, 0, 61, 70
1, 81706, Note_on_c, 0, 72, 0
1, 81720, Note_on_c, 0, 61, 0
1, 81720, Note_on_c, 0, 62, 66
1, 81747, Note_on_c, 0, 77, 0
1, 81776, Note_on_c, 0, 62, 0
1, 81797, Note_on_c, 0, 77, 85
1, 81797, Note_on_c, 0, 71, 74
1, 81817, Note_on_c, 0, 64, 63
1, 81871, Note_on_c, 0, 64, 0
1, 81900, Note_on_c, 0, 62, 64
1, 81953, Note_on_c, 0, 62, 0
1, 81984, Note_on_c, 0, 61, 65
1, 81988, Note_on_c, 0, 71, 0
1, 82035, Note_on_c, 0, 61, 0
1, 82071, Note_on_c, 0, 62, 73
1, 82116, Note_on_c, 0, 62, 0
1, 82137, Note_on_c, 0, 67, 73
1, 82141, Note_on_c, 0, 76, 74
1, 82165, Note_on_c, 0, 77, 0
1, 82169, Note_on_c, 0, 55, 62
1, 82238, Note_on_c, 0, 55, 0
1, 82246, Note_on_c, 0, 60, 64
1, 82302, Note_on_c, 0, 60, 0
1, 82341, Note_on_c, 0, 67, 0
1, 82341, Note_on_c, 0, 59, 60
1, 82396, Note_on_c, 0, 59, 0
1, 82396, Note_on_c, 0, 74, 78
1, 82402, Note_on_c, 0, 76, 0
1, 82421, Note_on_c, 0, 60, 68
1, 82477, Note_on_c, 0, 60, 0
1, 82481, Note_on_c, 0, 76, 48
1, 82489, Note_on_c, 0, 67, 60
1, 82503, Note_on_c, 0, 62, 69
1, 82503, Note_on_c, 0, 74, 0
1, 82553, Note_on_c, 0, 62, 0
1, 82600, Note_on_c, 0, 60, 62
1, 82651, Note_on_c, 0, 60, 0
1, 82658, Note_on_c, 0, 67, 0
1, 82684, Note_on_c, 0, 59, 52
1, 82723, Note_on_c, 0, 59, 0
1, 82751, Note_on_c, 0, 77, 64
1, 82754, Note_on_c, 0, 76, 0
1, 82754, Note_on_c, 0, 60, 66
1, 82800, Note_on_c, 0, 60, 0
1, 82843, Note_on_c, 0, 55, 67
1, 82843, Note_on_c, 0, 76, 40
1, 82854, Note_on_c, 0, 67, 50
1, 82859, Note_on_c, 0, 77, 0
1, 82901, Note_on_c, 0, 55, 0
1, 82920, Note_on_c, 0, 59, 55
1, 82973, Note_on_c, 0, 59, 0
1, 83002, Note_on_c, 0, 58, 50
1, 83068, Note_on_c, 0, 58, 0
1, 83110, Note_on_c, 0, 59, 35
1, 83160, Note_on_c, 0, 59, 0
1, 83172, Note_on_c, 0, 74, 56
1, 83175, Note_on_c, 0, 76, 0
1, 83175, Note_on_c, 0, 60, 56
1, 83243, Note_on_c, 0, 60, 0
1, 83279, Note_on_c, 0, 59, 45
1, 83316, Note_on_c, 0, 67, 0
1, 83321, Note_on_c, 0, 59, 0
1, 83338, Note_on_c, 0, 58, 37
1, 83389, Note_on_c, 0, 58, 0
1, 83411, Note_on_c, 0, 59, 49
1, 83460, Note_on_c, 0, 59, 0
1, 83505, Note_on_c, 0, 72, 67
1, 83509, Note_on_c, 0, 64, 52
1, 83509, Note_on_c, 0, 48, 76
1, 83512, Note_on_c, 0, 74, 0
1, 83522, Note_on_c, 0, 67, 47
1, 83553, Note_on_c, 0, 48, 0
1, 83586, Note_on_c, 0, 60, 71
1, 83633, Note_on_c, 0, 60, 0
1, 83661, Note_on_c, 0, 67, 0
1, 83670, Note_on_c, 0, 64, 0
1, 83683, Note_on_c, 0, 59, 75
1, 83765, Note_on_c, 0, 59, 0
1, 83765, Note_on_c, 0, 60, 73
1, 83790, Note_on_c, 0, 72, 0
1, 83839, Note_on_c, 0, 60, 0
1, 83851, Note_on_c, 0, 62, 73
1, 83857, Note_on_c, 0, 74, 87
1, 83895, Note_on_c, 0, 62, 0
1, 83903, Note_on_c, 0, 74, 0
1, 83903, Note_on_c, 0, 72, 69
1, 83937, Note_on_c, 0, 60, 61
1, 83946, Note_on_c, 0, 72, 0
1, 83970, Note_on_c, 0, 74, 74
1, 83985, Note_on_c, 0, 60, 0
1, 84012, Note_on_c, 0, 59, 55
1, 84015, Note_on_c, 0, 72, 63
1, 84054, Note_on_c, 0, 59, 0
1, 84054, Note_on_c, 0, 74, 0
1, 84076, Note_on_c, 0, 71, 90
1, 84087, Note_on_c, 0, 60, 66
1, 84101, Note_on_c, 0, 72, 0
1, 84113, Note_on_c, 0, 71, 0
1, 84143, Note_on_c, 0, 72, 93
1, 84155, Note_on_c, 0, 60, 0
1, 84194, Note_on_c, 0, 52, 79
1, 84205, Note_on_c, 0, 79, 99
1, 84215, Note_on_c, 0, 72, 0
1, 84261, Note_on_c, 0, 52, 0
1, 84294, Note_on_c, 0, 60, 78
1, 84341, Note_on_c, 0, 60, 0
1, 84380, Note_on_c, 0, 59, 72
1, 84452, Note_on_c, 0, 79, 0
1, 84452, Note_on_c, 0, 59, 0
1, 84475, Note_on_c, 0, 60, 75
1, 84514, Note_on_c, 0, 79, 87
1, 84523, Note_on_c, 0, 72, 77
1, 84544, Note_on_c, 0, 60, 0
1, 84555, Note_on_c, 0, 62, 78
1, 84617, Note_on_c, 0, 62, 0
1, 84644, Note_on_c, 0, 60, 67
1, 84693, Note_on_c, 0, 60, 0
1, 84718, Note_on_c, 0, 59, 70
1, 84759, Note_on_c, 0, 59, 0
1, 84793, Note_on_c, 0, 60, 80
1, 84835, Note_on_c, 0, 60, 0
1, 84842, Note_on_c, 0, 81, 85
1, 84879, Note_on_c, 0, 53, 96
1, 84946, Note_on_c, 0, 53, 0
1, 84963, Note_on_c, 0, 60, 76
1, 85024, Note_on_c, 0, 72, 0
1, 85030, Note_on_c, 0, 60, 0
1, 85044, Note_on_c, 0, 79, 0
1, 85054, Note_on_c, 0, 59, 60
1, 85063, Note_on_c, 0, 81, 0
1, 85104, Note_on_c, 0, 59, 0
1, 85124, Note_on_c, 0, 60, 49
1, 85182, Note_on_c, 0, 60, 0
1, 85197, Note_on_c, 0, 81, 81
1, 85200, Note_on_c, 0, 77, 80
1, 85204, Note_on_c, 0, 72, 72
1, 85215, Note_on_c, 0, 62, 65
1, 85260, Note_on_c, 0, 62, 0
1, 85300, Note_on_c, 0, 60, 70
1, 85342, Note_on_c, 0, 60, 0
1, 85372, Note_on_c, 0, 59, 69
1, 85408, Note_on_c, 0, 59, 0
1, 85447, Note_on_c, 0, 60, 66
1, 85494, Note_on_c, 0, 60, 0
1, 85542, Note_on_c, 0, 79, 94
1, 85547, Note_on_c, 0, 48, 72
1, 85562, Note_on_c, 0, 81, 0
1, 85592, Note_on_c, 0, 48, 0
1, 85631, Note_on_c, 0, 60, 66
1, 85676, Note_on_c, 0, 60, 0
1, 85712, Note_on_c, 0, 59, 73
1, 85728, Note_on_c, 0, 72, 0
1, 85734, Note_on_c, 0, 79, 0
1, 85756, Note_on_c, 0, 59, 0
1, 85792, Note_on_c, 0, 60, 62
1, 85832, Note_on_c, 0, 60, 0
1, 85832, Note_on_c, 0, 77, 0
1, 85868, Note_on_c, 0, 70, 73
1, 85868, Note_on_c, 0, 79, 96
1, 85874, Note_on_c, 0, 76, 67
1, 85874, Note_on_c, 0, 49, 93
1, 85917, Note_on_c, 0, 49, 0
1, 85957, Note_on_c, 0, 61, 71
1, 86010, Note_on_c, 0, 61, 0
1, 86035, Note_on_c, 0, 60, 69
1, 86097, Note_on_c, 0, 60, 0
1, 86112, Note_on_c, 0, 61, 81
1, 86188, Note_on_c, 0, 70, 0
1, 86197, Note_on_c, 0, 61, 0
1, 86202, Note_on_c, 0, 78, 89
1, 86213, Note_on_c, 0, 50, 93
1, 86219, Note_on_c, 0, 69, 48
1, 86239, Note_on_c, 0, 79, 0
1, 86258, Note_on_c, 0, 50, 0
1, 86292, Note_on_c, 0, 62, 75
1, 86330, Note_on_c, 0, 62, 0
1, 86352, Note_on_c, 0, 76, 0
1, 86372, Note_on_c, 0, 61, 68
1, 86375, Note_on_c, 0, 69, 0
1, 86438, Note_on_c, 0, 61, 0
1, 86447, Note_on_c, 0, 62, 68
1, 86483, Note_on_c, 0, 62, 0
1, 86531, Note_on_c, 0, 77, 83
1, 86536, Note_on_c, 0, 74, 64
1, 86536, Note_on_c, 0, 68, 58
1, 86536, Note_on_c, 0, 47, 86
1, 86550, Note_on_c, 0, 78, 0
1, 86573, Note_on_c, 0, 47, 0
1, 86625, Note_on_c, 0, 59, 59
1, 86664, Note_on_c, 0, 59, 0
1, 86686, Note_on_c, 0, 58, 59
1, 86751, Note_on_c, 0, 58, 0
1, 86765, Note_on_c, 0, 68, 0
1, 86773, Note_on_c, 0, 59, 48
1, 86823, Note_on_c, 0, 59, 0
1, 86857, Note_on_c, 0, 67, 55
1, 86857, Note_on_c, 0, 76, 66
1, 86862, Note_on_c, 0, 77, 0
1, 86865, Note_on_c, 0, 48, 63
1, 86913, Note_on_c, 0, 48, 0
1, 86952, Note_on_c, 0, 60, 58
1, 86993, Note_on_c, 0, 60, 0
1, 87038, Note_on_c, 0, 59, 54
1, 87065, Note_on_c, 0, 67, 0
1, 87077, Note_on_c, 0, 59, 0
1, 87087, Note_on_c, 0, 74, 0
1, 87090, Note_on_c, 0, 60, 41
1, 87096, Note_on_c, 0, 76, 0
1, 87096, Control_c, 0, 64, 127
1, 87121, Control_c, 0, 64, 0
1, 87135, Note_on_c, 0, 60, 0
1, 87188, Note_on_c, 0, 76, 47
1, 87188, Note_on_c, 0, 45, 82
1, 87196, Note_on_c, 0, 69, 33
1, 87211, Note_on_c, 0, 72, 35
1, 87225, Note_on_c, 0, 45, 0
1, 87275, Note_on_c, 0, 57, 57
1, 87280, Note_on_c, 0, 72, 0
1, 87308, Note_on_c, 0, 69, 0
1, 87317, Note_on_c, 0, 57, 0
1, 87350, Note_on_c, 0, 56, 60
1, 87399, Note_on_c, 0, 56, 0
1, 87430, Note_on_c, 0, 57, 45
1, 87475, Note_on_c, 0, 57, 0
1, 87517, Note_on_c, 0, 69, 38
1, 87520, Note_on_c, 0, 41, 93
1, 87520, Note_on_c, 0, 74, 61
1, 87523, Note_on_c, 0, 76, 0
1, 87523, Note_on_c, 0, 72, 43
1, 87553, Note_on_c, 0, 41, 0
1, 87598, Note_on_c, 0, 72, 0
1, 87603, Note_on_c, 0, 53, 78
1, 87640, Note_on_c, 0, 53, 0
1, 87681, Note_on_c, 0, 52, 71
1, 87721, Note_on_c, 0, 52, 0
1, 87753, Note_on_c, 0, 74, 0
1, 87756, Note_on_c, 0, 53, 87
1, 87793, Note_on_c, 0, 53, 0
1, 87809, Note_on_c, 0, 69, 0
1, 87842, Note_on_c, 0, 74, 47
1, 87842, Note_on_c, 0, 43, 84
1, 87851, Note_on_c, 0, 67, 51
1, 87857, Note_on_c, 0, 71, 49
1, 87884, Note_on_c, 0, 43, 0
1, 87920, Note_on_c, 0, 71, 0
1, 87927, Note_on_c, 0, 55, 63
1, 87969, Note_on_c, 0, 55, 0
1, 87980, Note_on_c, 0, 67, 0
1, 88015, Note_on_c, 0, 54, 53
1, 88057, Note_on_c, 0, 74, 0
1, 88060, Note_on_c, 0, 54, 0
1, 88091, Note_on_c, 0, 55, 63
1, 88104, Note_on_c, 0, 65, 45
1, 88133, Note_on_c, 0, 55, 0
1, 88144, Note_on_c, 0, 65, 0
1, 88197, Note_on_c, 0, 72, 56
1, 88205, Note_on_c, 0, 64, 56
1, 88213, Note_on_c, 0, 67, 27
1, 88213, Note_on_c, 0, 36, 64
1, 88272, Note_on_c, 0, 36, 0
1, 88461, Note_on_c, 0, 67, 0
1, 88581, Note_on_c, 0, 48, 41
1, 88632, Note_on_c, 0, 64, 0
1, 88647, Note_on_c, 0, 72, 0
1, 88654, Control_c, 0, 64, 127
1, 88678, Note_on_c, 0, 48, 0
1, 88884, Control_c, 0, 64, 0
1, 89724, Note_on_c, 0, 60, 44
1, 89741, Note_on_c, 0, 36, 39
1, 89848, Note_on_c, 0, 60, 0
1, 89851, Note_on_c, 0, 64, 69
1, 89912, Note_on_c, 0, 64, 0
1, 89927, Control_c, 0, 64, 127
1, 89942, Note_on_c, 0, 67, 74
1, 89964, Note_on_c, 0, 36, 0
1, 90001, Note_on_c, 0, 67, 0
1, 90031, Note_on_c, 0, 48, 51
1, 90034, Control_c, 0, 64, 0
1, 90053, Note_on_c, 0, 72, 87
1, 90153, Note_on_c, 0, 76, 87
1, 90171, Note_on_c, 0, 72, 0
1, 90259, Note_on_c, 0, 76, 0
1, 90259, Note_on_c, 0, 79, 97
1, 90329, Note_on_c, 0, 48, 0
1, 90362, Note_on_c, 0, 79, 0
1, 90362, Note_on_c, 0, 52, 54
1, 90371, Note_on_c, 0, 60, 44
1, 90371, Note_on_c, 0, 84, 90
1, 90483, Note_on_c, 0, 79, 86
1, 90507, Note_on_c, 0, 84, 0
1, 90575, Note_on_c, 0, 77, 79
1, 90580, Note_on_c, 0, 79, 0
1, 90636, Note_on_c, 0, 77, 0
1, 90647, Note_on_c, 0, 76, 62
1, 90685, Note_on_c, 0, 76, 0
1, 90702, Note_on_c, 0, 77, 76
1, 90750, Note_on_c, 0, 48, 27
1, 90783, Note_on_c, 0, 76, 73
1, 90794, Note_on_c, 0, 52, 0
1, 90800, Note_on_c, 0, 77, 0
1, 90808, Note_on_c, 0, 60, 0
1, 90894, Note_on_c, 0, 74, 75
1, 90916, Note_on_c, 0, 76, 0
1, 90992, Note_on_c, 0, 74, 0
1, 90992, Note_on_c, 0, 72, 73
1, 91076, Note_on_c, 0, 48, 0
1, 91076, Note_on_c, 0, 72, 0
1, 91089, Note_on_c, 0, 81, 91
1, 91097, Note_on_c, 0, 60, 45
1, 91112, Note_on_c, 0, 53, 48
1, 91199, Note_on_c, 0, 81, 0
1, 91206, Note_on_c, 0, 80, 86
1, 91301, Note_on_c, 0, 81, 95
1, 91326, Note_on_c, 0, 80, 0
1, 91418, Note_on_c, 0, 48, 46
1, 91421, Note_on_c, 0, 84, 91
1, 91440, Note_on_c, 0, 81, 0
1, 91524, Note_on_c, 0, 83, 106
1, 91538, Note_on_c, 0, 53, 0
1, 91560, Note_on_c, 0, 60, 0
1, 91560, Note_on_c, 0, 84, 0
1, 91630, Note_on_c, 0, 81, 94
1, 91657, Note_on_c, 0, 83, 0
1, 91688, Note_on_c, 0, 81, 0
1, 91735, Note_on_c, 0, 60, 46
1, 91747, Note_on_c, 0, 52, 52
1, 91747, Note_on_c, 0, 81, 89
1, 91792, Note_on_c, 0, 48, 0
1, 91862, Note_on_c, 0, 78, 82
1, 91881, Note_on_c, 0, 81, 0
1, 91948, Note_on_c, 0, 78, 0
1, 91962, Note_on_c, 0, 79, 94
1, 91997, Note_on_c, 0, 79, 0
1, 92073, Note_on_c, 0, 79, 81
1, 92078, Note_on_c, 0, 48, 47
1, 92086, Note_on_c, 0, 52, 0
1, 92157, Note_on_c, 0, 79, 0
1, 92187, Note_on_c, 0, 84, 90
1, 92201, Note_on_c, 0, 48, 0
1, 92235, Note_on_c, 0, 60, 0
1, 92248, Note_on_c, 0, 84, 0
1, 92296, Note_on_c, 0, 88, 84
1, 92332, Note_on_c, 0, 88, 0
1, 92419, Note_on_c, 0, 88, 98
1, 92422, Note_on_c, 0, 60, 58
1, 92435, Note_on_c, 0, 57, 37
1, 92538, Note_on_c, 0, 77, 80
1, 92538, Note_on_c, 0, 88, 0
1, 92578, Note_on_c, 0, 77, 0
1, 92644, Note_on_c, 0, 77, 73
1, 92681, Note_on_c, 0, 57, 0
1, 92681, Note_on_c, 0, 77, 0
1, 92711, Note_on_c, 0, 60, 0
1, 92763, Note_on_c, 0, 77, 73
1, 92772, Note_on_c, 0, 62, 53
1, 92784, Note_on_c, 0, 59, 34
1, 92845, Note_on_c, 0, 77, 0
1, 92876, Note_on_c, 0, 83, 100
1, 92915, Note_on_c, 0, 83, 0
1, 92947, Note_on_c, 0, 62, 0
1, 92978, Note_on_c, 0, 86, 89
1, 93012, Note_on_c, 0, 86, 0
1, 93106, Note_on_c, 0, 86, 99
1, 93120, Note_on_c, 0, 59, 0
1, 93129, Note_on_c, 0, 64, 47
1, 93139, Note_on_c, 0, 60, 36
1, 93218, Note_on_c, 0, 86, 0
1, 93221, Note_on_c, 0, 76, 70
1, 93266, Note_on_c, 0, 76, 0
1, 93291, Note_on_c, 0, 60, 0
1, 93335, Note_on_c, 0, 76, 62
1, 93379, Note_on_c, 0, 76, 0
1, 93455, Note_on_c, 0, 76, 67
1, 93479, Note_on_c, 0, 64, 0
1, 93479, Note_on_c, 0, 60, 44
1, 93486, Note_on_c, 0, 57, 29
1, 93546, Note_on_c, 0, 76, 0
1, 93575, Note_on_c, 0, 81, 82
1, 93616, Note_on_c, 0, 81, 0
1, 93629, Note_on_c, 0, 57, 0
1, 93686, Note_on_c, 0, 84, 92
1, 93720, Note_on_c, 0, 84, 0
1, 93797, Note_on_c, 0, 60, 0
1, 93809, Note_on_c, 0, 84, 84
1, 93820, Note_on_c, 0, 57, 27
1, 93825, Note_on_c, 0, 53, 57
1, 93920, Note_on_c, 0, 74, 76
1, 93931, Note_on_c, 0, 84, 0
1, 93976, Note_on_c, 0, 74, 0
1, 94007, Note_on_c, 0, 57, 0
1, 94012, Note_on_c, 0, 53, 0
1, 94032, Note_on_c, 0, 81, 78
1, 94067, Note_on_c, 0, 81, 0
1, 94142, Note_on_c, 0, 81, 61
1, 94165, Note_on_c, 0, 59, 45
1, 94165, Note_on_c, 0, 65, 37
1, 94184, Note_on_c, 0, 55, 33
1, 94254, Note_on_c, 0, 81, 0
1, 94268, Note_on_c, 0, 79, 80
1, 94301, Note_on_c, 0, 55, 0
1, 94304, Note_on_c, 0, 79, 0
1, 94310, Note_on_c, 0, 65, 0
1, 94341, Note_on_c, 0, 59, 0
1, 94366, Note_on_c, 0, 71, 62
1, 94404, Note_on_c, 0, 62, 50
1, 94424, Note_on_c, 0, 71, 0
1, 94446, Note_on_c, 0, 62, 0
1, 94491, Note_on_c, 0, 72, 63
1, 94502, Note_on_c, 0, 64, 47
1, 94507, Note_on_c, 0, 60, 66
1, 94544, Note_on_c, 0, 64, 0
1, 94549, Note_on_c, 0, 60, 0
1, 94621, Note_on_c, 0, 55, 81
1, 94655, Note_on_c, 0, 55, 0
1, 94733, Note_on_c, 0, 52, 82
1, 94762, Note_on_c, 0, 52, 0
1, 94879, Note_on_c, 0, 48, 69
1, 94954, Note_on_c, 0, 72, 0
1, 94984, Control_c, 0, 64, 127
1, 95020, Note_on_c, 0, 48, 0
1, 95199, Control_c, 0, 64, 0
1, 95237, Note_on_c, 0, 60, 62
1, 95237, Note_on_c, 0, 36, 44
1, 95338, Note_on_c, 0, 60, 0
1, 95351, Note_on_c, 0, 64, 78
1, 95404, Note_on_c, 0, 64, 0
1, 95440, Note_on_c, 0, 67, 79
1, 95479, Note_on_c, 0, 67, 0
1, 95500, Note_on_c, 0, 36, 0
1, 95544, Note_on_c, 0, 48, 49
1, 95544, Note_on_c, 0, 72, 82
1, 95592, Note_on_c, 0, 72, 0
1, 95649, Note_on_c, 0, 76, 75
1, 95686, Note_on_c, 0, 76, 0
1, 95750, Note_on_c, 0, 79, 92
1, 95814, Note_on_c, 0, 48, 0
1, 95820, Note_on_c, 0, 79, 0
1, 95862, Note_on_c, 0, 84, 89
1, 95867, Note_on_c, 0, 60, 51
1, 95867, Note_on_c, 0, 52, 46
1, 95971, Note_on_c, 0, 79, 86
1, 95976, Note_on_c, 0, 84, 0
1, 96017, Note_on_c, 0, 79, 0
1, 96054, Note_on_c, 0, 77, 77
1, 96092, Note_on_c, 0, 77, 0
1, 96129, Note_on_c, 0, 76, 35
1, 96160, Note_on_c, 0, 77, 71
1, 96193, Note_on_c, 0, 76, 0
1, 96204, Note_on_c, 0, 52, 0
1, 96218, Note_on_c, 0, 60, 0
1, 96223, Note_on_c, 0, 76, 52
1, 96223, Note_on_c, 0, 48, 31
1, 96246, Note_on_c, 0, 77, 0
1, 96332, Note_on_c, 0, 74, 80
1, 96341, Note_on_c, 0, 76, 0
1, 96422, Note_on_c, 0, 72, 73
1, 96425, Note_on_c, 0, 74, 0
1, 96489, Note_on_c, 0, 48, 0
1, 96516, Note_on_c, 0, 72, 0
1, 96527, Note_on_c, 0, 81, 90
1, 96527, Note_on_c, 0, 53, 51
1, 96527, Note_on_c, 0, 60, 49
1, 96636, Note_on_c, 0, 81, 0
1, 96641, Note_on_c, 0, 80, 88
1, 96742, Note_on_c, 0, 81, 95
1, 96758, Note_on_c, 0, 80, 0
1, 96858, Note_on_c, 0, 81, 0
1, 96858, Note_on_c, 0, 84, 91
1, 96875, Note_on_c, 0, 48, 42
1, 96886, Note_on_c, 0, 53, 0
1, 96967, Note_on_c, 0, 83, 106
1, 96990, Note_on_c, 0, 84, 0
1, 97015, Note_on_c, 0, 60, 0
1, 97068, Note_on_c, 0, 81, 92
1, 97079, Note_on_c, 0, 83, 0
1, 97104, Note_on_c, 0, 81, 0
1, 97141, Note_on_c, 0, 48, 0
1, 97184, Note_on_c, 0, 52, 46
1, 97188, Note_on_c, 0, 60, 29
1, 97188, Note_on_c, 0, 81, 85
1, 97293, Note_on_c, 0, 78, 77
1, 97302, Note_on_c, 0, 81, 0
1, 97390, Note_on_c, 0, 78, 0
1, 97399, Note_on_c, 0, 79, 90
1, 97432, Note_on_c, 0, 79, 0
1, 97513, Note_on_c, 0, 79, 65
1, 97513, Note_on_c, 0, 52, 0
1, 97527, Note_on_c, 0, 48, 39
1, 97605, Note_on_c, 0, 79, 0
1, 97631, Note_on_c, 0, 84, 79
1, 97639, Note_on_c, 0, 48, 0
1, 97647, Note_on_c, 0, 60, 0
1, 97670, Note_on_c, 0, 84, 0
1, 97744, Note_on_c, 0, 88, 58
1, 97787, Note_on_c, 0, 88, 0
1, 97861, Note_on_c, 0, 88, 42
1, 97876, Note_on_c, 0, 60, 38
1, 97889, Note_on_c, 0, 57, 24
1, 97956, Note_on_c, 0, 88, 0
1, 97981, Note_on_c, 0, 77, 55
1, 98023, Note_on_c, 0, 77, 0
1, 98077, Note_on_c, 0, 77, 64
1, 98124, Note_on_c, 0, 77, 0
1, 98143, Note_on_c, 0, 57, 0
1, 98143, Note_on_c, 0, 60, 0
1, 98204, Note_on_c, 0, 77, 51
1, 98204, Note_on_c, 0, 59, 24
1, 98209, Note_on_c, 0, 62, 36
1, 98311, Note_on_c, 0, 77, 0
1, 98326, Note_on_c, 0, 83, 87
1, 98354, Note_on_c, 0, 62, 0
1, 98365, Note_on_c, 0, 83, 0
1, 98438, Note_on_c, 0, 59, 0
1, 98442, Note_on_c, 0, 86, 71
1, 98478, Note_on_c, 0, 86, 0
1, 98547, Note_on_c, 0, 86, 43
1, 98569, Note_on_c, 0, 64, 41
1, 98581, Note_on_c, 0, 60, 19
1, 98667, Note_on_c, 0, 86, 0
1, 98673, Note_on_c, 0, 76, 55
1, 98720, Note_on_c, 0, 76, 0
1, 98765, Note_on_c, 0, 64, 0
1, 98770, Note_on_c, 0, 76, 71
1, 98806, Note_on_c, 0, 60, 0
1, 98817, Note_on_c, 0, 76, 0
1, 98892, Note_on_c, 0, 76, 56
1, 98906, Note_on_c, 0, 60, 30
1, 98914, Note_on_c, 0, 57, 22
1, 98995, Note_on_c, 0, 76, 0
1, 99017, Note_on_c, 0, 81, 67
1, 99063, Note_on_c, 0, 81, 0
1, 99068, Note_on_c, 0, 57, 0
1, 99123, Note_on_c, 0, 60, 0
1, 99129, Note_on_c, 0, 84, 76
1, 99163, Note_on_c, 0, 84, 0
1, 99240, Note_on_c, 0, 84, 48
1, 99252, Note_on_c, 0, 57, 35
1, 99268, Note_on_c, 0, 53, 54
1, 99350, Note_on_c, 0, 84, 0
1, 99350, Note_on_c, 0, 74, 64
1, 99364, Note_on_c, 0, 57, 0
1, 99382, Note_on_c, 0, 53, 0
1, 99408, Note_on_c, 0, 74, 0
1, 99463, Note_on_c, 0, 81, 67
1, 99500, Note_on_c, 0, 81, 0
1, 99567, Note_on_c, 0, 65, 42
1, 99572, Note_on_c, 0, 81, 37
1, 99584, Note_on_c, 0, 55, 33
1, 99595, Note_on_c, 0, 59, 32
1, 99662, Note_on_c, 0, 81, 0
1, 99684, Note_on_c, 0, 79, 64
1, 99712, Note_on_c, 0, 65, 0
1, 99725, Note_on_c, 0, 59, 0
1, 99725, Note_on_c, 0, 79, 0
1, 99748, Note_on_c, 0, 55, 0
1, 99779, Note_on_c, 0, 71, 63
1, 99832, Note_on_c, 0, 62, 33
1, 99843, Note_on_c, 0, 71, 0
1, 99884, Note_on_c, 0, 62, 0
1, 99918, Note_on_c, 0, 64, 51
1, 99921, Note_on_c, 0, 72, 64
1, 99926, Note_on_c, 0, 60, 68
1, 99957, Note_on_c, 0, 64, 0
1, 99968, Note_on_c, 0, 60, 0
1, 100051, Note_on_c, 0, 55, 77
1, 100087, Note_on_c, 0, 55, 0
1, 100162, Note_on_c, 0, 52, 72
1, 100196, Note_on_c, 0, 52, 0
1, 100311, Note_on_c, 0, 48, 63
1, 100385, Note_on_c, 0, 72, 0
1, 100400, Control_c, 0, 64, 127
1, 100400, Note_on_c, 0, 48, 0
1, 100520, Control_c, 0, 64, 0
1, 100644, Note_on_c, 0, 79, 102
1, 100659, Note_on_c, 0, 64, 50
1, 100675, Note_on_c, 0, 55, 45
1, 100751, Note_on_c, 0, 79, 0
1, 100758, Note_on_c, 0, 78, 91
1, 100843, Note_on_c, 0, 78, 0
1, 100867, Note_on_c, 0, 79, 92
1, 100965, Note_on_c, 0, 79, 0
1, 100998, Note_on_c, 0, 88, 91
1, 101007, Note_on_c, 0, 60, 56
1, 101098, Note_on_c, 0, 84, 95
1, 101110, Note_on_c, 0, 88, 0
1, 101118, Note_on_c, 0, 64, 0
1, 101197, Note_on_c, 0, 84, 0
1, 101201, Note_on_c, 0, 55, 0
1, 101205, Note_on_c, 0, 79, 91
1, 101255, Note_on_c, 0, 79, 0
1, 101308, Note_on_c, 0, 79, 97
1, 101338, Note_on_c, 0, 62, 50
1, 101344, Note_on_c, 0, 55, 44
1, 101430, Note_on_c, 0, 60, 0
1, 101430, Note_on_c, 0, 76, 81
1, 101436, Note_on_c, 0, 79, 0
1, 101506, Note_on_c, 0, 76, 0
1, 101525, Note_on_c, 0, 77, 87
1, 101612, Note_on_c, 0, 77, 0
1, 101661, Note_on_c, 0, 86, 85
1, 101672, Note_on_c, 0, 59, 56
1, 101736, Note_on_c, 0, 62, 0
1, 101764, Note_on_c, 0, 83, 104
1, 101786, Note_on_c, 0, 86, 0
1, 101823, Note_on_c, 0, 55, 0
1, 101858, Note_on_c, 0, 83, 0
1, 101876, Note_on_c, 0, 77, 76
1, 101914, Note_on_c, 0, 77, 0
1, 101976, Note_on_c, 0, 77, 70
1, 101996, Note_on_c, 0, 60, 51
1, 101999, Note_on_c, 0, 59, 0
1, 102009, Note_on_c, 0, 55, 41
1, 102090, Note_on_c, 0, 77, 0
1, 102096, Note_on_c, 0, 75, 71
1, 102188, Note_on_c, 0, 75, 0
1, 102191, Note_on_c, 0, 76, 70
1, 102266, Note_on_c, 0, 76, 0
1, 102325, Note_on_c, 0, 84, 66
1, 102347, Note_on_c, 0, 60, 0
1, 102358, Note_on_c, 0, 64, 46
1, 102424, Note_on_c, 0, 84, 0
1, 102446, Note_on_c, 0, 79, 64
1, 102508, Note_on_c, 0, 55, 0
1, 102533, Note_on_c, 0, 79, 0
1, 102545, Note_on_c, 0, 64, 0
1, 102552, Note_on_c, 0, 76, 53
1, 102597, Note_on_c, 0, 76, 0
1, 102665, Note_on_c, 0, 76, 49
1, 102670, Note_on_c, 0, 65, 41
1, 102697, Note_on_c, 0, 55, 33
1, 102779, Note_on_c, 0, 73, 55
1, 102779, Note_on_c, 0, 76, 0
1, 102879, Note_on_c, 0, 74, 64
1, 102879, Note_on_c, 0, 73, 0
1, 102940, Note_on_c, 0, 74, 0
1, 103016, Note_on_c, 0, 77, 70
1, 103104, Note_on_c, 0, 77, 0
1, 103130, Note_on_c, 0, 74, 65
1, 103190, Note_on_c, 0, 55, 0
1, 103190, Note_on_c, 0, 74, 0
1, 103225, Note_on_c, 0, 65, 0
1, 103225, Note_on_c, 0, 71, 71
1, 103266, Note_on_c, 0, 71, 0
1, 103346, Note_on_c, 0, 79, 75
1, 103385, Note_on_c, 0, 79, 0
1, 103394, Note_on_c, 0, 81, 66
1, 103403, Note_on_c, 0, 64, 46
1, 103413, Note_on_c, 0, 55, 43
1, 103444, Note_on_c, 0, 79, 86
1, 103489, Note_on_c, 0, 81, 0
1, 103564, Note_on_c, 0, 78, 77
1, 103578, Note_on_c, 0, 79, 0
1, 103654, Note_on_c, 0, 78, 0
1, 103673, Note_on_c, 0, 79, 76
1, 103723, Note_on_c, 0, 79, 0
1, 103767, Note_on_c, 0, 64, 0
1, 103789, Note_on_c, 0, 61, 52
1, 103796, Note_on_c, 0, 88, 57
1, 103840, Note_on_c, 0, 88, 0
1, 103913, Note_on_c, 0, 81, 56
1, 103970, Note_on_c, 0, 55, 0
1, 103970, Note_on_c, 0, 81, 0
1, 104007, Note_on_c, 0, 79, 68
1, 104046, Note_on_c, 0, 79, 0
1, 104105, Note_on_c, 0, 79, 66
1, 104116, Note_on_c, 0, 62, 44
1, 104121, Note_on_c, 0, 61, 0
1, 104121, Note_on_c, 0, 55, 35
1, 104215, Note_on_c, 0, 79, 0
1, 104230, Note_on_c, 0, 76, 59
1, 104288, Note_on_c, 0, 76, 0
1, 104325, Note_on_c, 0, 77, 75
1, 104371, Note_on_c, 0, 77, 0
1, 104403, Note_on_c, 0, 62, 0
1, 104452, Note_on_c, 0, 86, 60
1, 104461, Note_on_c, 0, 59, 34
1, 104570, Note_on_c, 0, 79, 64
1, 104587, Note_on_c, 0, 86, 0
1, 104601, Note_on_c, 0, 55, 0
1, 104673, Note_on_c, 0, 79, 0
1, 104673, Note_on_c, 0, 77, 68
1, 104711, Note_on_c, 0, 77, 0
1, 104781, Note_on_c, 0, 77, 52
1, 104787, Note_on_c, 0, 59, 0
1, 104787, Note_on_c, 0, 60, 44
1, 104809, Note_on_c, 0, 55, 35
1, 104881, Note_on_c, 0, 77, 0
1, 104893, Note_on_c, 0, 75, 63
1, 104946, Note_on_c, 0, 75, 0
1, 104952, Note_on_c, 0, 60, 0
1, 104963, Note_on_c, 0, 55, 0
1, 105007, Note_on_c, 0, 76, 52
1, 105082, Note_on_c, 0, 76, 0
1, 105140, Note_on_c, 0, 84, 65
1, 105140, Note_on_c, 0, 54, 43
1, 105140, Note_on_c, 0, 60, 37
1, 105149, Note_on_c, 0, 57, 22
1, 105218, Note_on_c, 0, 57, 0
1, 105225, Note_on_c, 0, 84, 0
1, 105249, Note_on_c, 0, 60, 0
1, 105264, Note_on_c, 0, 81, 40
1, 105272, Note_on_c, 0, 54, 0
1, 105314, Note_on_c, 0, 81, 0
1, 105361, Note_on_c, 0, 76, 51
1, 105420, Note_on_c, 0, 76, 0
1, 105509, Note_on_c, 0, 64, 36
1, 105516, Note_on_c, 0, 79, 52
1, 105536, Note_on_c, 0, 55, 22
1, 105801, Note_on_c, 0, 64, 0
1, 105815, Note_on_c, 0, 79, 0
1, 105818, Note_on_c, 0, 76, 29
1, 105829, Note_on_c, 0, 60, 25
1, 105887, Note_on_c, 0, 76, 0
1, 105940, Note_on_c, 0, 60, 0
1, 105963, Note_on_c, 0, 74, 26
1, 105970, Note_on_c, 0, 59, 31
1, 106065, Note_on_c, 0, 59, 0
1, 106082, Note_on_c, 0, 74, 0
1, 106085, Note_on_c, 0, 55, 0
1, 106093, Control_c, 0, 64, 127
1, 106297, Control_c, 0, 64, 0
1, 106344, Note_on_c, 0, 60, 51
1, 106366, Note_on_c, 0, 36, 27
1, 106431, Note_on_c, 0, 60, 0
1, 106453, Note_on_c, 0, 64, 64
1, 106503, Note_on_c, 0, 64, 0
1, 106512, Control_c, 0, 64, 127
1, 106558, Note_on_c, 0, 67, 64
1, 106587, Note_on_c, 0, 36, 0
1, 106594, Note_on_c, 0, 67, 0
1, 106664, Note_on_c, 0, 72, 65
1, 106690, Note_on_c, 0, 48, 50
1, 106704, Control_c, 0, 64, 0
1, 106734, Note_on_c, 0, 72, 0
1, 106781, Note_on_c, 0, 76, 65
1, 106849, Note_on_c, 0, 76, 0
1, 106877, Note_on_c, 0, 79, 85
1, 106985, Note_on_c, 0, 48, 0
1, 106985, Note_on_c, 0, 79, 0
1, 106985, Note_on_c, 0, 84, 79
1, 106998, Note_on_c, 0, 60, 52
1, 107005, Note_on_c, 0, 52, 45
1, 107102, Note_on_c, 0, 79, 80
1, 107119, Note_on_c, 0, 84, 0
1, 107160, Note_on_c, 0, 79, 0
1, 107194, Note_on_c, 0, 77, 65
1, 107228, Note_on_c, 0, 77, 0
1, 107246, Note_on_c, 0, 76, 51
1, 107285, Note_on_c, 0, 77, 72
1, 107292, Note_on_c, 0, 76, 0
1, 107335, Note_on_c, 0, 76, 83
1, 107352, Note_on_c, 0, 48, 37
1, 107375, Note_on_c, 0, 60, 0
1, 107381, Note_on_c, 0, 77, 0
1, 107447, Note_on_c, 0, 52, 0
1, 107450, Note_on_c, 0, 74, 81
1, 107477, Note_on_c, 0, 76, 0
1, 107537, Note_on_c, 0, 74, 0
1, 107537, Note_on_c, 0, 72, 81
1, 107615, Note_on_c, 0, 48, 0
1, 107629, Note_on_c, 0, 72, 0
1, 107643, Note_on_c, 0, 60, 41
1, 107646, Note_on_c, 0, 81, 89
1, 107653, Note_on_c, 0, 53, 57
1, 107760, Note_on_c, 0, 81, 0
1, 107760, Note_on_c, 0, 80, 84
1, 107865, Note_on_c, 0, 81, 92
1, 107885, Note_on_c, 0, 80, 0
1, 107969, Note_on_c, 0, 48, 43
1, 107973, Note_on_c, 0, 81, 0
1, 107980, Note_on_c, 0, 84, 84
1, 107994, Note_on_c, 0, 53, 0
1, 108088, Note_on_c, 0, 83, 103
1, 108110, Note_on_c, 0, 60, 0
1, 108119, Note_on_c, 0, 84, 0
1, 108188, Note_on_c, 0, 81, 91
1, 108205, Note_on_c, 0, 83, 0
1, 108221, Note_on_c, 0, 81, 0
1, 108266, Note_on_c, 0, 48, 0
1, 108288, Note_on_c, 0, 60, 40
1, 108300, Note_on_c, 0, 52, 48
1, 108305, Note_on_c, 0, 81, 84
1, 108411, Note_on_c, 0, 78, 79
1, 108437, Note_on_c, 0, 81, 0
1, 108497, Note_on_c, 0, 78, 0
1, 108514, Note_on_c, 0, 79, 90
1, 108553, Note_on_c, 0, 79, 0
1, 108625, Note_on_c, 0, 52, 0
1, 108645, Note_on_c, 0, 79, 62
1, 108645, Note_on_c, 0, 48, 39
1, 108714, Note_on_c, 0, 79, 0
1, 108756, Note_on_c, 0, 48, 0
1, 108760, Note_on_c, 0, 60, 0
1, 108767, Note_on_c, 0, 84, 69
1, 108806, Note_on_c, 0, 84, 0
1, 108867, Note_on_c, 0, 88, 75
1, 108901, Note_on_c, 0, 88, 0
1, 108994, Note_on_c, 0, 88, 73
1, 109007, Note_on_c, 0, 60, 46
1, 109007, Note_on_c, 0, 57, 42
1, 109116, Note_on_c, 0, 88, 0
1, 109122, Note_on_c, 0, 77, 59
1, 109168, Note_on_c, 0, 77, 0
1, 109222, Note_on_c, 0, 77, 74
1, 109249, Note_on_c, 0, 60, 0
1, 109263, Note_on_c, 0, 77, 0
1, 109272, Note_on_c, 0, 57, 0
1, 109345, Note_on_c, 0, 77, 77
1, 109345, Note_on_c, 0, 62, 54
1, 109358, Note_on_c, 0, 59, 34
1, 109433, Note_on_c, 0, 77, 0
1, 109466, Note_on_c, 0, 83, 98
1, 109508, Note_on_c, 0, 83, 0
1, 109540, Note_on_c, 0, 62, 0
1, 109565, Note_on_c, 0, 86, 90
1, 109601, Note_on_c, 0, 86, 0
1, 109654, Note_on_c, 0, 59, 0
1, 109675, Note_on_c, 0, 86, 87
1, 109692, Note_on_c, 0, 64, 52
1, 109700, Note_on_c, 0, 60, 37
1, 109793, Note_on_c, 0, 86, 0
1, 109793, Note_on_c, 0, 76, 74
1, 109849, Note_on_c, 0, 76, 0
1, 109859, Note_on_c, 0, 60, 0
1, 109894, Note_on_c, 0, 76, 86
1, 109929, Note_on_c, 0, 76, 0
1, 110001, Note_on_c, 0, 64, 0
1, 110010, Note_on_c, 0, 76, 73
1, 110021, Note_on_c, 0, 60, 57
1, 110024, Note_on_c, 0, 57, 43
1, 110105, Note_on_c, 0, 76, 0
1, 110122, Note_on_c, 0, 81, 88
1, 110168, Note_on_c, 0, 81, 0
1, 110177, Note_on_c, 0, 57, 0
1, 110227, Note_on_c, 0, 84, 93
1, 110264, Note_on_c, 0, 84, 0
1, 110295, Note_on_c, 0, 60, 0
1, 110336, Note_on_c, 0, 84, 86
1, 110344, Note_on_c, 0, 57, 59
1, 110348, Note_on_c, 0, 53, 69
1, 110450, Note_on_c, 0, 74, 70
1, 110459, Note_on_c, 0, 84, 0
1, 110514, Note_on_c, 0, 74, 0
1, 110519, Note_on_c, 0, 57, 0
1, 110536, Note_on_c, 0, 53, 0
1, 110553, Note_on_c, 0, 81, 82
1, 110589, Note_on_c, 0, 81, 0
1, 110660, Note_on_c, 0, 65, 60
1, 110660, Note_on_c, 0, 81, 76
1, 110676, Note_on_c, 0, 59, 45
1, 110676, Note_on_c, 0, 55, 51
1, 110779, Note_on_c, 0, 79, 87
1, 110793, Note_on_c, 0, 81, 0
1, 110801, Note_on_c, 0, 65, 0
1, 110823, Note_on_c, 0, 79, 0
1, 110857, Note_on_c, 0, 55, 0
1, 110857, Note_on_c, 0, 59, 0
1, 110882, Note_on_c, 0, 71, 73
1, 110937, Note_on_c, 0, 62, 27
1, 110966, Note_on_c, 0, 71, 0
1, 110990, Note_on_c, 0, 62, 0
1, 111018, Note_on_c, 0, 60, 71
1, 111018, Note_on_c, 0, 72, 67
1, 111022, Note_on_c, 0, 64, 44
1, 111057, Note_on_c, 0, 60, 0
1, 111066, Note_on_c, 0, 64, 0
1, 111144, Note_on_c, 0, 55, 70
1, 111186, Note_on_c, 0, 55, 0
1, 111256, Note_on_c, 0, 52, 64
1, 111294, Note_on_c, 0, 52, 0
1, 111403, Note_on_c, 0, 48, 60
1, 111472, Note_on_c, 0, 72, 0
1, 111487, Control_c, 0, 64, 127
1, 111492, Note_on_c, 0, 48, 0
1, 111618, Control_c, 0, 64, 0
1, 111770, Note_on_c, 0, 64, 44
1, 111773, Note_on_c, 0, 79, 66
1, 111784, Note_on_c, 0, 55, 36
1, 111840, Note_on_c, 0, 79, 0
1, 111880, Note_on_c, 0, 78, 67
1, 111969, Note_on_c, 0, 78, 0
1, 111994, Note_on_c, 0, 79, 74
1, 112102, Note_on_c, 0, 79, 0
1, 112133, Note_on_c, 0, 88, 65
1, 112142, Note_on_c, 0, 60, 35
1, 112219, Note_on_c, 0, 64, 0
1, 112231, Note_on_c, 0, 88, 0
1, 112249, Note_on_c, 0, 84, 71
1, 112284, Note_on_c, 0, 55, 0
1, 112339, Note_on_c, 0, 84, 0
1, 112345, Note_on_c, 0, 79, 76
1, 112384, Note_on_c, 0, 79, 0
1, 112440, Note_on_c, 0, 79, 82
1, 112456, Note_on_c, 0, 62, 50
1, 112461, Note_on_c, 0, 60, 0
1, 112464, Note_on_c, 0, 55, 32
1, 112556, Note_on_c, 0, 79, 0
1, 112562, Note_on_c, 0, 76, 78
1, 112621, Note_on_c, 0, 76, 0
1, 112653, Note_on_c, 0, 77, 87
1, 112751, Note_on_c, 0, 77, 0
1, 112773, Note_on_c, 0, 86, 85
1, 112773, Note_on_c, 0, 62, 0
1, 112779, Note_on_c, 0, 59, 52
1, 112882, Note_on_c, 0, 83, 103
1, 112893, Note_on_c, 0, 86, 0
1, 112929, Note_on_c, 0, 55, 0
1, 112982, Note_on_c, 0, 83, 0
1, 112982, Note_on_c, 0, 77, 82
1, 113022, Note_on_c, 0, 77, 0
1, 113083, Note_on_c, 0, 59, 0
1, 113086, Note_on_c, 0, 77, 79
1, 113105, Note_on_c, 0, 60, 48
1, 113111, Note_on_c, 0, 55, 37
1, 113188, Note_on_c, 0, 77, 0
1, 113200, Note_on_c, 0, 75, 79
1, 113275, Note_on_c, 0, 75, 0
1, 113305, Note_on_c, 0, 76, 66
1, 113367, Note_on_c, 0, 76, 0
1, 113417, Note_on_c, 0, 60, 0
1, 113417, Note_on_c, 0, 84, 67
1, 113439, Note_on_c, 0, 64, 51
1, 113523, Note_on_c, 0, 84, 0
1, 113526, Note_on_c, 0, 79, 71
1, 113587, Note_on_c, 0, 55, 0
1, 113615, Note_on_c, 0, 79, 0
1, 113624, Note_on_c, 0, 76, 58
1, 113628, Note_on_c, 0, 64, 0
1, 113668, Note_on_c, 0, 76, 0
1, 113724, Note_on_c, 0, 76, 64
1, 113752, Note_on_c, 0, 65, 39
1, 113763, Note_on_c, 0, 55, 20
1, 113838, Note_on_c, 0, 73, 64
1, 113846, Note_on_c, 0, 76, 0
1, 113936, Note_on_c, 0, 73, 0
1, 113954, Note_on_c, 0, 74, 65
1, 114025, Note_on_c, 0, 74, 0
1, 114074, Note_on_c, 0, 77, 57
1, 114158, Note_on_c, 0, 77, 0
1, 114186, Note_on_c, 0, 74, 51
1, 114244, Note_on_c, 0, 74, 0
1, 114247, Note_on_c, 0, 55, 0
1, 114289, Note_on_c, 0, 65, 0
1, 114294, Note_on_c, 0, 71, 65
1, 114334, Note_on_c, 0, 71, 0
1, 114392, Note_on_c, 0, 79, 80
1, 114426, Note_on_c, 0, 79, 0
1, 114426, Note_on_c, 0, 81, 76
1, 114475, Note_on_c, 0, 79, 85
1, 114478, Note_on_c, 0, 64, 44
1, 114493, Note_on_c, 0, 55, 28
1, 114517, Note_on_c, 0, 81, 0
1, 114589, Note_on_c, 0, 78, 87
1, 114609, Note_on_c, 0, 79, 0
1, 114693, Note_on_c, 0, 78, 0
1, 114696, Note_on_c, 0, 79, 84
1, 114780, Note_on_c, 0, 79, 0
1, 114815, Note_on_c, 0, 64, 0
1, 114819, Note_on_c, 0, 61, 40
1, 114819, Note_on_c, 0, 88, 74
1, 114952, Note_on_c, 0, 88, 0
1, 114952, Note_on_c, 0, 81, 69
1, 115007, Note_on_c, 0, 55, 0
1, 115047, Note_on_c, 0, 79, 84
1, 115050, Note_on_c, 0, 81, 0
1, 115082, Note_on_c, 0, 79, 0
1, 115149, Note_on_c, 0, 62, 41
1, 115149, Note_on_c, 0, 61, 0
1, 115149, Note_on_c, 0, 79, 62
1, 115161, Note_on_c, 0, 55, 39
1, 115247, Note_on_c, 0, 79, 0
1, 115269, Note_on_c, 0, 76, 53
1, 115325, Note_on_c, 0, 76, 0
1, 115379, Note_on_c, 0, 77, 66
1, 115418, Note_on_c, 0, 77, 0
1, 115448, Note_on_c, 0, 62, 0
1, 115495, Note_on_c, 0, 86, 58
1, 115504, Note_on_c, 0, 59, 31
1, 115612, Note_on_c, 0, 86, 0
1, 115618, Note_on_c, 0, 79, 62
1, 115659, Note_on_c, 0, 55, 0
1, 115710, Note_on_c, 0, 79, 0
1, 115726, Note_on_c, 0, 77, 65
1, 115760, Note_on_c, 0, 77, 0
1, 115819, Note_on_c, 0, 59, 0
1, 115819, Note_on_c, 0, 77, 54
1, 115838, Note_on_c, 0, 60, 39
1, 115852, Note_on_c, 0, 55, 36
1, 115938, Note_on_c, 0, 75, 64
1, 115943, Note_on_c, 0, 77, 0
1, 116011, Note_on_c, 0, 60, 0
1, 116011, Note_on_c, 0, 75, 0
1, 116041, Note_on_c, 0, 76, 64
1, 116050, Note_on_c, 0, 55, 0
1, 116113, Note_on_c, 0, 76, 0
1, 116170, Note_on_c, 0, 84, 69
1, 116170, Note_on_c, 0, 60, 38
1, 116178, Note_on_c, 0, 54, 37
1, 116184, Note_on_c, 0, 57, 25
1, 116227, Note_on_c, 0, 84, 0
1, 116245, Note_on_c, 0, 57, 0
1, 116266, Note_on_c, 0, 54, 0
1, 116287, Note_on_c, 0, 60, 0
1, 116292, Note_on_c, 0, 81, 49
1, 116336, Note_on_c, 0, 81, 0
1, 116386, Note_on_c, 0, 76, 46
1, 116432, Note_on_c, 0, 76, 0
1, 116532, Note_on_c, 0, 64, 31
1, 116540, Note_on_c, 0, 79, 63
1, 116549, Note_on_c, 0, 55, 29
1, 116787, Note_on_c, 0, 64, 0
1, 116833, Note_on_c, 0, 76, 33
1, 116837, Note_on_c, 0, 79, 0
1, 116844, Note_on_c, 0, 60, 28
1, 116896, Note_on_c, 0, 76, 0
1, 116943, Note_on_c, 0, 60, 0
1, 116964, Note_on_c, 0, 74, 28
1, 116975, Note_on_c, 0, 59, 18
1, 117060, Note_on_c, 0, 59, 0
1, 117071, Note_on_c, 0, 55, 0
1, 117077, Note_on_c, 0, 74, 0
1, 117083, Control_c, 0, 64, 127
1, 117359, Note_on_c, 0, 60, 43
1, 117404, Note_on_c, 0, 36, 14
1, 117423, Note_on_c, 0, 60, 0
1, 117431, Control_c, 0, 64, 0
1, 117465, Note_on_c, 0, 64, 52
1, 117515, Note_on_c, 0, 64, 0
1, 117563, Note_on_c, 0, 67, 57
1, 117574, Control_c, 0, 64, 127
1, 117604, Note_on_c, 0, 67, 0
1, 117616, Note_on_c, 0, 36, 0
1, 117657, Note_on_c, 0, 72, 66
1, 117676, Note_on_c, 0, 48, 34
1, 117707, Control_c, 0, 64, 0
1, 117716, Note_on_c, 0, 72, 0
1, 117776, Note_on_c, 0, 76, 59
1, 117826, Note_on_c, 0, 76, 0
1, 117871, Note_on_c, 0, 79, 80
1, 117943, Note_on_c, 0, 79, 0
1, 117967, Note_on_c, 0, 48, 0
1, 117975, Note_on_c, 0, 52, 56
1, 117983, Note_on_c, 0, 84, 68
1, 117986, Note_on_c, 0, 60, 43
1, 118094, Note_on_c, 0, 79, 69
1, 118094, Note_on_c, 0, 84, 0
1, 118141, Note_on_c, 0, 79, 0
1, 118169, Note_on_c, 0, 77, 62
1, 118205, Note_on_c, 0, 77, 0
1, 118222, Note_on_c, 0, 76, 56
1, 118258, Note_on_c, 0, 77, 75
1, 118262, Note_on_c, 0, 76, 0
1, 118309, Note_on_c, 0, 76, 74
1, 118323, Note_on_c, 0, 48, 31
1, 118333, Note_on_c, 0, 77, 0
1, 118336, Note_on_c, 0, 60, 0
1, 118407, Note_on_c, 0, 52, 0
1, 118421, Note_on_c, 0, 74, 84
1, 118435, Note_on_c, 0, 76, 0
1, 118518, Note_on_c, 0, 72, 79
1, 118524, Note_on_c, 0, 74, 0
1, 118584, Note_on_c, 0, 48, 0
1, 118592, Note_on_c, 0, 72, 0
1, 118620, Note_on_c, 0, 60, 44
1, 118632, Note_on_c, 0, 53, 59
1, 118632, Note_on_c, 0, 81, 64
1, 118707, Note_on_c, 0, 81, 0
1, 118737, Note_on_c, 0, 80, 81
1, 118840, Note_on_c, 0, 81, 86
1, 118840, Note_on_c, 0, 80, 0
1, 118949, Note_on_c, 0, 81, 0
1, 118953, Note_on_c, 0, 84, 86
1, 118953, Note_on_c, 0, 48, 43
1, 119024, Note_on_c, 0, 53, 0
1, 119051, Note_on_c, 0, 60, 0
1, 119069, Note_on_c, 0, 83, 104
1, 119069, Note_on_c, 0, 84, 0
1, 119172, Note_on_c, 0, 81, 88
1, 119187, Note_on_c, 0, 83, 0
1, 119203, Note_on_c, 0, 81, 0
1, 119244, Note_on_c, 0, 48, 0
1, 119275, Note_on_c, 0, 60, 38
1, 119278, Note_on_c, 0, 52, 38
1, 119278, Note_on_c, 0, 81, 69
1, 119387, Note_on_c, 0, 81, 0
1, 119387, Note_on_c, 0, 78, 79
1, 119434, Note_on_c, 0, 78, 0
1, 119488, Note_on_c, 0, 79, 84
1, 119521, Note_on_c, 0, 79, 0
1, 119579, Note_on_c, 0, 52, 0
1, 119590, Note_on_c, 0, 79, 50
1, 119590, Note_on_c, 0, 48, 41
1, 119663, Note_on_c, 0, 79, 0
1, 119680, Note_on_c, 0, 60, 0
1, 119690, Note_on_c, 0, 48, 0
1, 119708, Note_on_c, 0, 84, 69
1, 119757, Note_on_c, 0, 84, 0
1, 119811, Note_on_c, 0, 88, 67
1, 119846, Note_on_c, 0, 88, 0
1, 119922, Note_on_c, 0, 88, 70
1, 119939, Note_on_c, 0, 60, 55
1, 119952, Note_on_c, 0, 57, 20
1, 120033, Note_on_c, 0, 88, 0
1, 120039, Note_on_c, 0, 77, 72
1, 120081, Note_on_c, 0, 77, 0
1, 120120, Note_on_c, 0, 57, 0
1, 120127, Note_on_c, 0, 60, 0
1, 120148, Note_on_c, 0, 77, 62
1, 120184, Note_on_c, 0, 77, 0
1, 120276, Note_on_c, 0, 62, 41
1, 120276, Note_on_c, 0, 77, 61
1, 120290, Note_on_c, 0, 59, 34
1, 120359, Note_on_c, 0, 77, 0
1, 120396, Note_on_c, 0, 83, 82
1, 120431, Note_on_c, 0, 62, 0
1, 120439, Note_on_c, 0, 83, 0
1, 120453, Note_on_c, 0, 59, 0
1, 120496, Note_on_c, 0, 86, 56
1, 120537, Note_on_c, 0, 86, 0
1, 120605, Note_on_c, 0, 86, 62
1, 120630, Note_on_c, 0, 64, 46
1, 120630, Note_on_c, 0, 60, 20
1, 120724, Note_on_c, 0, 86, 0
1, 120735, Note_on_c, 0, 76, 51
1, 120735, Note_on_c, 0, 60, 0
1, 120782, Note_on_c, 0, 76, 0
1, 120830, Note_on_c, 0, 76, 68
1, 120866, Note_on_c, 0, 64, 0
1, 120875, Note_on_c, 0, 76, 0
1, 120956, Note_on_c, 0, 76, 57
1, 120963, Note_on_c, 0, 57, 23
1, 120966, Note_on_c, 0, 60, 41
1, 121042, Note_on_c, 0, 76, 0
1, 121075, Note_on_c, 0, 81, 64
1, 121117, Note_on_c, 0, 81, 0
1, 121137, Note_on_c, 0, 57, 0
1, 121176, Note_on_c, 0, 84, 76
1, 121186, Note_on_c, 0, 60, 0
1, 121209, Note_on_c, 0, 84, 0
1, 121293, Note_on_c, 0, 84, 44
1, 121304, Note_on_c, 0, 57, 32
1, 121317, Note_on_c, 0, 53, 47
1, 121400, Note_on_c, 0, 84, 0
1, 121404, Note_on_c, 0, 74, 62
1, 121460, Note_on_c, 0, 57, 0
1, 121465, Note_on_c, 0, 74, 0
1, 121498, Note_on_c, 0, 53, 0
1, 121529, Note_on_c, 0, 81, 59
1, 121568, Note_on_c, 0, 81, 0
1, 121624, Note_on_c, 0, 81, 52
1, 121646, Note_on_c, 0, 65, 31
1, 121646, Note_on_c, 0, 55, 43
1, 121668, Note_on_c, 0, 59, 22
1, 121754, Note_on_c, 0, 55, 0
1, 121768, Note_on_c, 0, 79, 66
1, 121768, Note_on_c, 0, 65, 0
1, 121771, Note_on_c, 0, 81, 0
1, 121786, Note_on_c, 0, 59, 0
1, 121810, Note_on_c, 0, 79, 0
1, 121872, Note_on_c, 0, 71, 52
1, 121916, Note_on_c, 0, 62, 29
1, 121933, Note_on_c, 0, 71, 0
1, 121970, Note_on_c, 0, 62, 0
1, 122025, Note_on_c, 0, 72, 50
1, 122031, Note_on_c, 0, 64, 37
1, 122039, Note_on_c, 0, 60, 37
1, 122077, Note_on_c, 0, 64, 0
1, 122094, Note_on_c, 0, 60, 0
1, 122159, Note_on_c, 0, 55, 74
1, 122197, Note_on_c, 0, 55, 0
1, 122312, Note_on_c, 0, 52, 42
1, 122362, Note_on_c, 0, 52, 0
1, 122545, Note_on_c, 0, 48, 37
1, 122842, Note_on_c, 0, 72, 0
1, 122885, Note_on_c, 0, 48, 0
1, 123368, Note_on_c, 0, 72, 83
1, 123373, Note_on_c, 0, 64, 81
1, 123373, Note_on_c, 0, 36, 88
1, 123373, Note_on_c, 0, 67, 70
1, 123476, Note_on_c, 0, 40, 85
1, 123485, Note_on_c, 0, 36, 0
1, 123549, Note_on_c, 0, 64, 0
1, 123587, Note_on_c, 0, 40, 0
1, 123591, Note_on_c, 0, 43, 75
1, 123601, Note_on_c, 0, 72, 0
1, 123649, Note_on_c, 0, 67, 0
1, 123671, Note_on_c, 0, 43, 0
1, 123693, Note_on_c, 0, 48, 75
1, 123708, Note_on_c, 0, 72, 87
1, 123796, Note_on_c, 0, 48, 0
1, 123803, Note_on_c, 0, 52, 82
1, 123897, Note_on_c, 0, 52, 0
1, 123914, Note_on_c, 0, 48, 77
1, 123953, Note_on_c, 0, 72, 0
1, 124011, Control_c, 0, 64, 127
1, 124011, Note_on_c, 0, 48, 0
1, 124025, Note_on_c, 0, 72, 64
1, 124030, Note_on_c, 0, 76, 79
1, 124030, Note_on_c, 0, 79, 100
1, 124041, Note_on_c, 0, 36, 94
1, 124106, Control_c, 0, 64, 0
1, 124153, Note_on_c, 0, 40, 90
1, 124159, Note_on_c, 0, 36, 0
1, 124264, Note_on_c, 0, 43, 79
1, 124271, Note_on_c, 0, 40, 0
1, 124317, Note_on_c, 0, 76, 0
1, 124317, Note_on_c, 0, 79, 0
1, 124356, Note_on_c, 0, 43, 0
1, 124370, Note_on_c, 0, 48, 73
1, 124382, Note_on_c, 0, 79, 100
1, 124442, Control_c, 0, 64, 127
1, 124471, Note_on_c, 0, 48, 0
1, 124490, Note_on_c, 0, 52, 82
1, 124515, Control_c, 0, 64, 0
1, 124579, Note_on_c, 0, 52, 0
1, 124596, Note_on_c, 0, 48, 77
1, 124616, Note_on_c, 0, 72, 0
1, 124632, Note_on_c, 0, 79, 0
1, 124646, Control_c, 0, 64, 127
1, 124682, Control_c, 0, 64, 0
1, 124691, Note_on_c, 0, 48, 0
1, 124697, Note_on_c, 0, 79, 90
1, 124704, Note_on_c, 0, 81, 95
1, 124710, Note_on_c, 0, 72, 86
1, 124714, Note_on_c, 0, 36, 93
1, 124828, Note_on_c, 0, 36, 0
1, 124828, Note_on_c, 0, 41, 78
1, 124952, Note_on_c, 0, 45, 73
1, 124963, Note_on_c, 0, 41, 0
1, 124981, Control_c, 0, 64, 127
1, 125044, Note_on_c, 0, 45, 0
1, 125065, Note_on_c, 0, 77, 91
1, 125069, Note_on_c, 0, 48, 79
1, 125115, Note_on_c, 0, 79, 0
1, 125125, Control_c, 0, 64, 0
1, 125175, Note_on_c, 0, 48, 0
1, 125175, Note_on_c, 0, 53, 91
1, 125264, Note_on_c, 0, 53, 0
1, 125281, Note_on_c, 0, 77, 0
1, 125287, Note_on_c, 0, 72, 0
1, 125290, Note_on_c, 0, 48, 77
1, 125304, Control_c, 0, 64, 127
1, 125392, Note_on_c, 0, 79, 102
1, 125392, Note_on_c, 0, 77, 96
1, 125395, Note_on_c, 0, 48, 0
1, 125395, Note_on_c, 0, 72, 80
1, 125406, Note_on_c, 0, 36, 90
1, 125437, Control_c, 0, 64, 0
1, 125448, Note_on_c, 0, 81, 0
1, 125521, Note_on_c, 0, 40, 94
1, 125527, Note_on_c, 0, 36, 0
1, 125633, Note_on_c, 0, 43, 79
1, 125647, Note_on_c, 0, 40, 0
1, 125716, Note_on_c, 0, 43, 0
1, 125738, Note_on_c, 0, 76, 79
1, 125738, Note_on_c, 0, 48, 83
1, 125774, Note_on_c, 0, 77, 0
1, 125831, Note_on_c, 0, 48, 0
1, 125842, Note_on_c, 0, 52, 87
1, 125905, Note_on_c, 0, 72, 0
1, 125919, Note_on_c, 0, 52, 0
1, 125939, Note_on_c, 0, 76, 0
1, 125945, Note_on_c, 0, 48, 81
1, 125987, Note_on_c, 0, 48, 0
1, 126058, Note_on_c, 0, 33, 117
1, 126058, Note_on_c, 0, 77, 86
1, 126062, Note_on_c, 0, 76, 76
1, 126062, Note_on_c, 0, 72, 73
1, 126089, Note_on_c, 0, 79, 0
1, 126136, Note_on_c, 0, 33, 0
1, 126179, Note_on_c, 0, 44, 82
1, 126214, Note_on_c, 0, 72, 0
1, 126257, Note_on_c, 0, 76, 0
1, 126260, Note_on_c, 0, 44, 0
1, 126285, Note_on_c, 0, 45, 85
1, 126334, Note_on_c, 0, 77, 0
1, 126345, Note_on_c, 0, 45, 0
1, 126390, Note_on_c, 0, 77, 82
1, 126390, Note_on_c, 0, 35, 117
1, 126395, Note_on_c, 0, 74, 91
1, 126399, Note_on_c, 0, 67, 83
1, 126454, Note_on_c, 0, 35, 0
1, 126546, Note_on_c, 0, 45, 41
1, 126602, Note_on_c, 0, 45, 0
1, 126607, Note_on_c, 0, 67, 0
1, 126607, Note_on_c, 0, 47, 75
1, 126613, Note_on_c, 0, 74, 0
1, 126697, Note_on_c, 0, 47, 0
1, 126716, Note_on_c, 0, 36, 112
1, 126721, Note_on_c, 0, 76, 83
1, 126725, Note_on_c, 0, 74, 89
1, 126725, Note_on_c, 0, 67, 71
1, 126746, Note_on_c, 0, 77, 0
1, 126778, Note_on_c, 0, 36, 0
1, 126841, Note_on_c, 0, 47, 86
1, 126930, Note_on_c, 0, 47, 0
1, 126930, Note_on_c, 0, 67, 0
1, 126936, Note_on_c, 0, 48, 75
1, 126947, Note_on_c, 0, 76, 0
1, 126984, Note_on_c, 0, 48, 0
1, 127040, Note_on_c, 0, 33, 109
1, 127047, Note_on_c, 0, 72, 81
1, 127050, Note_on_c, 0, 74, 0
1, 127050, Note_on_c, 0, 76, 85
1, 127050, Note_on_c, 0, 69, 68
1, 127108, Note_on_c, 0, 33, 0
1, 127157, Note_on_c, 0, 44, 90
1, 127206, Note_on_c, 0, 69, 0
1, 127229, Note_on_c, 0, 72, 0
1, 127262, Note_on_c, 0, 44, 0
1, 127271, Note_on_c, 0, 45, 88
1, 127320, Note_on_c, 0, 45, 0
1, 127376, Note_on_c, 0, 29, 110
1, 127379, Note_on_c, 0, 74, 85
1, 127379, Note_on_c, 0, 69, 64
1, 127384, Note_on_c, 0, 72, 76
1, 127404, Note_on_c, 0, 76, 0
1, 127432, Note_on_c, 0, 29, 0
1, 127491, Note_on_c, 0, 40, 105
1, 127513, Note_on_c, 0, 72, 0
1, 127540, Note_on_c, 0, 69, 0
1, 127569, Note_on_c, 0, 40, 0
1, 127593, Note_on_c, 0, 41, 97
1, 127618, Note_on_c, 0, 74, 0
1, 127666, Note_on_c, 0, 41, 0
1, 127691, Note_on_c, 0, 74, 69
1, 127697, Note_on_c, 0, 31, 110
1, 127697, Note_on_c, 0, 71, 84
1, 127702, Note_on_c, 0, 65, 68
1, 127769, Note_on_c, 0, 31, 0
1, 127822, Note_on_c, 0, 42, 87
1, 127849, Note_on_c, 0, 65, 0
1, 127906, Note_on_c, 0, 42, 0
1, 127920, Note_on_c, 0, 43, 88
1, 127927, Note_on_c, 0, 71, 0
1, 127998, Note_on_c, 0, 43, 0
1, 128028, Note_on_c, 0, 36, 107
1, 128028, Note_on_c, 0, 64, 72
1, 128033, Note_on_c, 0, 67, 71
1, 128033, Note_on_c, 0, 72, 76
1, 128056, Note_on_c, 0, 74, 0
1, 128097, Note_on_c, 0, 36, 0
1, 128145, Note_on_c, 0, 40, 87
1, 128182, Note_on_c, 0, 40, 0
1, 128259, Note_on_c, 0, 43, 89
1, 128292, Note_on_c, 0, 43, 0
1, 128384, Note_on_c, 0, 48, 96
1, 128455, Note_on_c, 0, 67, 0
1, 128482, Note_on_c, 0, 48, 0
1, 128555, Note_on_c, 0, 64, 0
1, 128563, Note_on_c, 0, 72, 0
1, 128703, Note_on_c, 0, 72, 86
1, 128703, Note_on_c, 0, 67, 78
1, 128708, Note_on_c, 0, 64, 79
1, 128724, Note_on_c, 0, 36, 92
1, 128806, Note_on_c, 0, 40, 103
1, 128842, Note_on_c, 0, 36, 0
1, 128917, Note_on_c, 0, 43, 86
1, 128931, Note_on_c, 0, 40, 0
1, 128951, Note_on_c, 0, 64, 0
1, 128958, Note_on_c, 0, 72, 0
1, 128997, Note_on_c, 0, 67, 0
1, 128997, Note_on_c, 0, 43, 0
1, 129017, Note_on_c, 0, 72, 78
1, 129023, Note_on_c, 0, 48, 82
1, 129114, Note_on_c, 0, 48, 0
1, 129131, Note_on_c, 0, 52, 96
1, 129201, Note_on_c, 0, 52, 0
1, 129224, Note_on_c, 0, 48, 89
1, 129276, Note_on_c, 0, 72, 0
1, 129307, Note_on_c, 0, 48, 0
1, 129335, Note_on_c, 0, 36, 109
1, 129338, Note_on_c, 0, 72, 80
1, 129338, Note_on_c, 0, 76, 91
1, 129343, Note_on_c, 0, 79, 106
1, 129433, Note_on_c, 0, 40, 102
1, 129446, Note_on_c, 0, 36, 0
1, 129540, Note_on_c, 0, 40, 0
1, 129550, Note_on_c, 0, 43, 86
1, 129599, Note_on_c, 0, 79, 0
1, 129627, Note_on_c, 0, 43, 0
1, 129655, Note_on_c, 0, 48, 82
1, 129664, Note_on_c, 0, 79, 98
1, 129753, Note_on_c, 0, 48, 0
1, 129760, Note_on_c, 0, 52, 98
1, 129841, Note_on_c, 0, 52, 0
1, 129861, Note_on_c, 0, 48, 88
1, 129878, Note_on_c, 0, 76, 0
1, 129882, Note_on_c, 0, 72, 0
1, 129892, Note_on_c, 0, 79, 0
1, 129944, Note_on_c, 0, 48, 0
1, 129961, Note_on_c, 0, 79, 88
1, 129965, Note_on_c, 0, 81, 100
1, 129968, Note_on_c, 0, 36, 103
1, 129968, Note_on_c, 0, 72, 89
1, 130067, Note_on_c, 0, 41, 102
1, 130095, Note_on_c, 0, 36, 0
1, 130181, Note_on_c, 0, 41, 0
1, 130185, Note_on_c, 0, 45, 93
1, 130270, Note_on_c, 0, 45, 0
1, 130295, Note_on_c, 0, 48, 85
1, 130301, Note_on_c, 0, 77, 89
1, 130346, Note_on_c, 0, 79, 0
1, 130401, Note_on_c, 0, 48, 0
1, 130405, Note_on_c, 0, 53, 107
1, 130483, Note_on_c, 0, 53, 0
1, 130494, Note_on_c, 0, 72, 0
1, 130504, Note_on_c, 0, 77, 0
1, 130511, Note_on_c, 0, 48, 87
1, 130602, Note_on_c, 0, 48, 0
1, 130602, Note_on_c, 0, 79, 101
1, 130613, Note_on_c, 0, 72, 83
1, 130613, Note_on_c, 0, 36, 103
1, 130613, Note_on_c, 0, 77, 99
1, 130657, Note_on_c, 0, 81, 0
1, 130711, Note_on_c, 0, 40, 99
1, 130733, Note_on_c, 0, 36, 0
1, 130830, Note_on_c, 0, 43, 80
1, 130844, Note_on_c, 0, 40, 0
1, 130911, Note_on_c, 0, 43, 0
1, 130934, Note_on_c, 0, 48, 79
1, 130945, Note_on_c, 0, 76, 75
1, 130962, Note_on_c, 0, 77, 0
1, 131029, Note_on_c, 0, 48, 0
1, 131043, Note_on_c, 0, 52, 89
1, 131081, Note_on_c, 0, 72, 0
1, 131096, Note_on_c, 0, 52, 0
1, 131100, Note_on_c, 0, 76, 0
1, 131135, Note_on_c, 0, 48, 73
1, 131176, Note_on_c, 0, 48, 0
1, 131249, Note_on_c, 0, 76, 79
1, 131254, Note_on_c, 0, 33, 105
1, 131254, Note_on_c, 0, 77, 76
1, 131254, Note_on_c, 0, 72, 70
1, 131257, Note_on_c, 0, 79, 0
1, 131282, Note_on_c, 0, 33, 0
1, 131365, Note_on_c, 0, 44, 87
1, 131390, Note_on_c, 0, 72, 0
1, 131443, Note_on_c, 0, 76, 0
1, 131452, Note_on_c, 0, 44, 0
1, 131471, Note_on_c, 0, 45, 78
1, 131500, Note_on_c, 0, 77, 0
1, 131530, Note_on_c, 0, 45, 0
1, 131574, Note_on_c, 0, 77, 77
1, 131574, Note_on_c, 0, 35, 104
1, 131574, Note_on_c, 0, 74, 98
1, 131583, Note_on_c, 0, 67, 89
1, 131619, Note_on_c, 0, 35, 0
1, 131694, Note_on_c, 0, 46, 72
1, 131767, Note_on_c, 0, 46, 0
1, 131784, Note_on_c, 0, 47, 71
1, 131792, Note_on_c, 0, 67, 0
1, 131805, Note_on_c, 0, 74, 0
1, 131864, Note_on_c, 0, 47, 0
1, 131894, Note_on_c, 0, 36, 100
1, 131900, Note_on_c, 0, 76, 81
1, 131908, Note_on_c, 0, 67, 77
1, 131908, Note_on_c, 0, 74, 88
1, 131925, Note_on_c, 0, 77, 0
1, 131954, Note_on_c, 0, 36, 0
1, 132000, Note_on_c, 0, 47, 87
1, 132078, Note_on_c, 0, 47, 0
1, 132107, Note_on_c, 0, 48, 81
1, 132117, Note_on_c, 0, 67, 0
1, 132131, Note_on_c, 0, 76, 0
1, 132164, Note_on_c, 0, 48, 0
1, 132223, Note_on_c, 0, 33, 89
1, 132227, Note_on_c, 0, 72, 80
1, 132227, Note_on_c, 0, 69, 67
1, 132237, Note_on_c, 0, 76, 79
1, 132245, Note_on_c, 0, 74, 0
1, 132270, Note_on_c, 0, 33, 0
1, 132338, Note_on_c, 0, 44, 86
1, 132376, Note_on_c, 0, 72, 0
1, 132382, Note_on_c, 0, 69, 0
1, 132446, Note_on_c, 0, 44, 0
1, 132446, Note_on_c, 0, 45, 89
1, 132504, Note_on_c, 0, 45, 0
1, 132552, Note_on_c, 0, 72, 83
1, 132552, Note_on_c, 0, 74, 86
1, 132552, Note_on_c, 0, 29, 111
1, 132552, Note_on_c, 0, 69, 65
1, 132572, Note_on_c, 0, 76, 0
1, 132613, Note_on_c, 0, 29, 0
1, 132670, Note_on_c, 0, 40, 104
1, 132680, Note_on_c, 0, 72, 0
1, 132711, Note_on_c, 0, 69, 0
1, 132744, Note_on_c, 0, 40, 0
1, 132761, Note_on_c, 0, 41, 90
1, 132795, Note_on_c, 0, 74, 0
1, 132839, Note_on_c, 0, 41, 0
1, 132858, Note_on_c, 0, 74, 72
1, 132862, Note_on_c, 0, 71, 88
1, 132870, Note_on_c, 0, 31, 102
1, 132870, Note_on_c, 0, 65, 68
1, 132945, Note_on_c, 0, 31, 0
1, 132989, Note_on_c, 0, 42, 77
1, 133007, Note_on_c, 0, 65, 0
1, 133036, Note_on_c, 0, 71, 0
1, 133076, Note_on_c, 0, 42, 0
1, 133079, Note_on_c, 0, 43, 74
1, 133124, Note_on_c, 0, 43, 0
1, 133157, Note_on_c, 0, 64, 68
1, 133160, Note_on_c, 0, 72, 67
1, 133160, Note_on_c, 0, 67, 65
1, 133167, Note_on_c, 0, 74, 0
1, 133171, Note_on_c, 0, 36, 96
1, 133248, Note_on_c, 0, 36, 0
1, 133270, Note_on_c, 0, 40, 91
1, 133330, Note_on_c, 0, 40, 0
1, 133362, Note_on_c, 0, 43, 81
1, 133418, Note_on_c, 0, 43, 0
1, 133491, Note_on_c, 0, 48, 84
1, 133538, Note_on_c, 0, 64, 0
1, 133569, Note_on_c, 0, 48, 0
1, 133574, Note_on_c, 0, 67, 0
1, 133574, Control_c, 0, 64, 127
1, 133599, Note_on_c, 0, 72, 0
1, 133681, Control_c, 0, 64, 0
1, 133848, Note_on_c, 0, 43, 87
1, 133848, Note_on_c, 0, 79, 94
1, 133848, Note_on_c, 0, 76, 76
1, 133954, Note_on_c, 0, 43, 0
1, 133954, Note_on_c, 0, 48, 65
1, 134053, Note_on_c, 0, 79, 0
1, 134064, Note_on_c, 0, 76, 0
1, 134071, Note_on_c, 0, 52, 89
1, 134074, Note_on_c, 0, 48, 0
1, 134128, Note_on_c, 0, 52, 0
1, 134167, Note_on_c, 0, 79, 97
1, 134173, Note_on_c, 0, 55, 86
1, 134173, Note_on_c, 0, 76, 78
1, 134229, Note_on_c, 0, 55, 0
1, 134288, Note_on_c, 0, 60, 73
1, 134315, Note_on_c, 0, 76, 0
1, 134385, Note_on_c, 0, 60, 0
1, 134388, Note_on_c, 0, 64, 66
1, 134454, Note_on_c, 0, 64, 0
1, 134489, Note_on_c, 0, 77, 94
1, 134494, Note_on_c, 0, 67, 78
1, 134494, Note_on_c, 0, 76, 85
1, 134561, Note_on_c, 0, 79, 0
1, 134566, Note_on_c, 0, 67, 0
1, 134596, Note_on_c, 0, 66, 68
1, 134670, Note_on_c, 0, 66, 0
1, 134706, Note_on_c, 0, 67, 70
1, 134808, Note_on_c, 0, 67, 0
1, 134819, Note_on_c, 0, 74, 79
1, 134825, Note_on_c, 0, 55, 81
1, 134884, Note_on_c, 0, 76, 0
1, 134931, Note_on_c, 0, 57, 77
1, 134943, Note_on_c, 0, 55, 0
1, 135023, Note_on_c, 0, 74, 0
1, 135043, Note_on_c, 0, 59, 83
1, 135051, Note_on_c, 0, 57, 0
1, 135103, Note_on_c, 0, 59, 0
1, 135135, Note_on_c, 0, 74, 89
1, 135138, Note_on_c, 0, 76, 82
1, 135142, Note_on_c, 0, 60, 85
1, 135201, Note_on_c, 0, 77, 0
1, 135230, Note_on_c, 0, 60, 0
1, 135244, Note_on_c, 0, 59, 79
1, 135312, Note_on_c, 0, 59, 0
1, 135347, Note_on_c, 0, 60, 75
1, 135444, Note_on_c, 0, 60, 0
1, 135447, Note_on_c, 0, 48, 84
1, 135454, Note_on_c, 0, 72, 80
1, 135464, Note_on_c, 0, 74, 0
1, 135563, Note_on_c, 0, 52, 81
1, 135592, Note_on_c, 0, 48, 0
1, 135630, Note_on_c, 0, 52, 0
1, 135653, Note_on_c, 0, 53, 100
1, 135659, Note_on_c, 0, 72, 0
1, 135678, Note_on_c, 0, 81, 79
1, 135692, Note_on_c, 0, 76, 0
1, 135723, Note_on_c, 0, 53, 0
1, 135759, Note_on_c, 0, 55, 81
1, 135770, Note_on_c, 0, 76, 62
1, 135773, Note_on_c, 0, 72, 70
1, 135805, Note_on_c, 0, 81, 0
1, 135872, Note_on_c, 0, 55, 0
1, 135875, Note_on_c, 0, 54, 86
1, 135942, Note_on_c, 0, 54, 0
1, 135970, Note_on_c, 0, 72, 0
1, 135981, Note_on_c, 0, 55, 77
1, 136031, Note_on_c, 0, 55, 0
1, 136085, Note_on_c, 0, 74, 79
1, 136089, Note_on_c, 0, 71, 64
1, 136092, Note_on_c, 0, 43, 63
1, 136099, Note_on_c, 0, 76, 0
1, 136185, Note_on_c, 0, 43, 0
1, 136199, Note_on_c, 0, 76, 67
1, 136205, Note_on_c, 0, 74, 0
1, 136246, Note_on_c, 0, 71, 0
1, 136296, Note_on_c, 0, 77, 74
1, 136296, Note_on_c, 0, 76, 0
1, 136408, Note_on_c, 0, 77, 0
1, 136408, Note_on_c, 0, 43, 103
1, 136413, Note_on_c, 0, 76, 78
1, 136416, Note_on_c, 0, 79, 98
1, 136513, Note_on_c, 0, 48, 90
1, 136538, Note_on_c, 0, 43, 0
1, 136624, Note_on_c, 0, 52, 106
1, 136639, Note_on_c, 0, 79, 0
1, 136655, Note_on_c, 0, 76, 0
1, 136655, Note_on_c, 0, 48, 0
1, 136694, Note_on_c, 0, 52, 0
1, 136722, Note_on_c, 0, 55, 95
1, 136722, Note_on_c, 0, 76, 65
1, 136728, Note_on_c, 0, 79, 94
1, 136806, Note_on_c, 0, 55, 0
1, 136840, Note_on_c, 0, 76, 0
1, 136840, Note_on_c, 0, 60, 93
1, 136942, Note_on_c, 0, 64, 95
1, 136965, Note_on_c, 0, 60, 0
1, 137015, Note_on_c, 0, 64, 0
1, 137048, Note_on_c, 0, 67, 93
1, 137048, Note_on_c, 0, 77, 93
1, 137053, Note_on_c, 0, 76, 86
1, 137104, Note_on_c, 0, 79, 0
1, 137135, Note_on_c, 0, 67, 0
1, 137161, Note_on_c, 0, 66, 74
1, 137234, Note_on_c, 0, 66, 0
1, 137246, Note_on_c, 0, 67, 74
1, 137369, Note_on_c, 0, 74, 80
1, 137372, Note_on_c, 0, 55, 89
1, 137382, Note_on_c, 0, 67, 0
1, 137405, Note_on_c, 0, 76, 0
1, 137478, Note_on_c, 0, 57, 84
1, 137492, Note_on_c, 0, 74, 0
1, 137497, Note_on_c, 0, 55, 0
1, 137581, Note_on_c, 0, 57, 0
1, 137594, Note_on_c, 0, 59, 89
1, 137648, Note_on_c, 0, 59, 0
1, 137691, Note_on_c, 0, 76, 69
1, 137694, Note_on_c, 0, 74, 76
1, 137694, Note_on_c, 0, 60, 85
1, 137726, Note_on_c, 0, 77, 0
1, 137773, Note_on_c, 0, 60, 0
1, 137806, Note_on_c, 0, 59, 83
1, 137851, Note_on_c, 0, 59, 0
1, 137895, Note_on_c, 0, 60, 71
1, 137967, Note_on_c, 0, 74, 0
1, 137982, Note_on_c, 0, 60, 0
1, 137996, Note_on_c, 0, 72, 68
1, 137999, Note_on_c, 0, 48, 73
1, 138015, Note_on_c, 0, 76, 0
1, 138112, Note_on_c, 0, 48, 0
1, 138112, Note_on_c, 0, 52, 73
1, 138166, Note_on_c, 0, 72, 0
1, 138188, Note_on_c, 0, 52, 0
1, 138196, Note_on_c, 0, 81, 69
1, 138213, Note_on_c, 0, 53, 91
1, 138257, Note_on_c, 0, 53, 0
1, 138305, Note_on_c, 0, 81, 0
1, 138305, Note_on_c, 0, 76, 71
1, 138310, Note_on_c, 0, 55, 71
1, 138310, Note_on_c, 0, 72, 61
1, 138380, Note_on_c, 0, 55, 0
1, 138405, Note_on_c, 0, 54, 64
1, 138463, Note_on_c, 0, 54, 0
1, 138503, Note_on_c, 0, 55, 64
1, 138503, Note_on_c, 0, 72, 0
1, 138561, Note_on_c, 0, 55, 0
1, 138619, Note_on_c, 0, 74, 68
1, 138628, Note_on_c, 0, 71, 53
1, 138631, Note_on_c, 0, 43, 50
1, 138631, Note_on_c, 0, 76, 0
1, 138725, Note_on_c, 0, 74, 0
1, 138740, Note_on_c, 0, 77, 73
1, 138744, Note_on_c, 0, 43, 0
1, 138769, Note_on_c, 0, 71, 0
1, 138825, Note_on_c, 0, 77, 0
1, 138836, Note_on_c, 0, 74, 81
1, 138864, Note_on_c, 0, 74, 0
1, 138954, Note_on_c, 0, 72, 102
1, 138957, Note_on_c, 0, 36, 103
1, 138960, Note_on_c, 0, 64, 96
1, 138960, Note_on_c, 0, 67, 87
1, 139060, Note_on_c, 0, 40, 100
1, 139085, Note_on_c, 0, 36, 0
1, 139148, Note_on_c, 0, 72, 0
1, 139173, Note_on_c, 0, 43, 91
1, 139191, Note_on_c, 0, 40, 0
1, 139233, Note_on_c, 0, 64, 0
1, 139249, Note_on_c, 0, 43, 0
1, 139283, Note_on_c, 0, 48, 87
1, 139291, Note_on_c, 0, 67, 0
1, 139291, Note_on_c, 0, 72, 98
1, 139378, Note_on_c, 0, 72, 0
1, 139378, Note_on_c, 0, 48, 0
1, 139391, Note_on_c, 0, 52, 97
1, 139399, Control_c, 0, 64, 127
1, 139422, Control_c, 0, 64, 0
1, 139461, Note_on_c, 0, 52, 0
1, 139491, Note_on_c, 0, 48, 90
1, 139575, Note_on_c, 0, 48, 0
1, 139597, Note_on_c, 0, 79, 104
1, 139597, Note_on_c, 0, 36, 105
1, 139597, Note_on_c, 0, 72, 87
1, 139600, Note_on_c, 0, 76, 82
1, 139700, Note_on_c, 0, 40, 104
1, 139712, Note_on_c, 0, 36, 0
1, 139820, Note_on_c, 0, 79, 0
1, 139824, Note_on_c, 0, 43, 90
1, 139840, Note_on_c, 0, 40, 0
1, 139864, Note_on_c, 0, 76, 0
1, 139904, Note_on_c, 0, 43, 0
1, 139920, Note_on_c, 0, 79, 111
1, 139926, Note_on_c, 0, 72, 0
1, 139926, Note_on_c, 0, 48, 84
1, 140037, Note_on_c, 0, 48, 0
1, 140037, Note_on_c, 0, 52, 95
1, 140112, Note_on_c, 0, 79, 0
1, 140121, Note_on_c, 0, 52, 0
1, 140132, Note_on_c, 0, 48, 91
1, 140210, Note_on_c, 0, 48, 0
1, 140237, Note_on_c, 0, 79, 105
1, 140237, Note_on_c, 0, 81, 99
1, 140244, Note_on_c, 0, 72, 91
1, 140244, Note_on_c, 0, 36, 102
1, 140329, Note_on_c, 0, 36, 0
1, 140366, Note_on_c, 0, 41, 51
1, 140444, Note_on_c, 0, 41, 0
1, 140475, Note_on_c, 0, 45, 80
1, 140564, Note_on_c, 0, 45, 0
1, 140564, Note_on_c, 0, 77, 87
1, 140575, Note_on_c, 0, 48, 88
1, 140603, Note_on_c, 0, 79, 0
1, 140661, Note_on_c, 0, 48, 0
1, 140678, Note_on_c, 0, 53, 105
1, 140720, Note_on_c, 0, 53, 0
1, 140748, Note_on_c, 0, 77, 0
1, 140756, Note_on_c, 0, 72, 0
1, 140782, Note_on_c, 0, 48, 62
1, 140857, Note_on_c, 0, 48, 0
1, 140881, Note_on_c, 0, 79, 95
1, 140890, Note_on_c, 0, 72, 67
1, 140890, Note_on_c, 0, 36, 88
1, 140890, Note_on_c, 0, 77, 84
1, 140921, Note_on_c, 0, 81, 0
1, 140988, Note_on_c, 0, 36, 0
1, 141006, Note_on_c, 0, 40, 84
1, 141109, Note_on_c, 0, 40, 0
1, 141119, Note_on_c, 0, 43, 79
1, 141197, Note_on_c, 0, 43, 0
1, 141219, Note_on_c, 0, 77, 0
1, 141219, Note_on_c, 0, 48, 79
1, 141219, Note_on_c, 0, 76, 61
1, 141277, Note_on_c, 0, 48, 0
1, 141322, Note_on_c, 0, 52, 105
1, 141339, Note_on_c, 0, 72, 0
1, 141364, Note_on_c, 0, 52, 0
1, 141391, Note_on_c, 0, 76, 0
1, 141410, Note_on_c, 0, 48, 71
1, 141452, Note_on_c, 0, 48, 0
1, 141519, Note_on_c, 0, 77, 80
1, 141519, Note_on_c, 0, 33, 97
1, 141524, Note_on_c, 0, 76, 71
1, 141527, Note_on_c, 0, 72, 66
1, 141531, Note_on_c, 0, 79, 0
1, 141548, Note_on_c, 0, 33, 0
1, 141622, Note_on_c, 0, 44, 80
1, 141665, Note_on_c, 0, 72, 0
1, 141687, Note_on_c, 0, 76, 0
1, 141717, Note_on_c, 0, 44, 0
1, 141734, Note_on_c, 0, 45, 82
1, 141758, Note_on_c, 0, 77, 0
1, 141803, Note_on_c, 0, 45, 0
1, 141845, Note_on_c, 0, 35, 100
1, 141845, Note_on_c, 0, 77, 64
1, 141853, Note_on_c, 0, 74, 72
1, 141859, Note_on_c, 0, 67, 57
1, 141876, Note_on_c, 0, 35, 0
1, 141952, Note_on_c, 0, 46, 81
1, 142020, Note_on_c, 0, 67, 0
1, 142024, Note_on_c, 0, 74, 0
1, 142038, Note_on_c, 0, 46, 0
1, 142054, Note_on_c, 0, 47, 79
1, 142129, Note_on_c, 0, 47, 0
1, 142158, Note_on_c, 0, 36, 105
1, 142165, Note_on_c, 0, 76, 73
1, 142169, Note_on_c, 0, 74, 80
1, 142172, Note_on_c, 0, 67, 63
1, 142180, Note_on_c, 0, 77, 0
1, 142221, Note_on_c, 0, 36, 0
1, 142275, Note_on_c, 0, 47, 63
1, 142350, Note_on_c, 0, 47, 0
1, 142358, Note_on_c, 0, 67, 0
1, 142358, Note_on_c, 0, 76, 0
1, 142375, Note_on_c, 0, 48, 77
1, 142427, Note_on_c, 0, 48, 0
1, 142474, Note_on_c, 0, 74, 0
1, 142488, Note_on_c, 0, 76, 74
1, 142488, Note_on_c, 0, 33, 105
1, 142491, Note_on_c, 0, 69, 59
1, 142491, Note_on_c, 0, 72, 69
1, 142542, Note_on_c, 0, 33, 0
1, 142614, Note_on_c, 0, 44, 76
1, 142648, Note_on_c, 0, 72, 0
1, 142665, Note_on_c, 0, 69, 0
1, 142704, Note_on_c, 0, 45, 79
1, 142718, Note_on_c, 0, 44, 0
1, 142754, Note_on_c, 0, 45, 0
1, 142817, Note_on_c, 0, 72, 77
1, 142820, Note_on_c, 0, 74, 79
1, 142820, Note_on_c, 0, 69, 59
1, 142823, Note_on_c, 0, 76, 0
1, 142823, Note_on_c, 0, 29, 106
1, 142903, Note_on_c, 0, 29, 0
1, 142938, Note_on_c, 0, 40, 99
1, 142949, Note_on_c, 0, 72, 0
1, 142976, Note_on_c, 0, 69, 0
1, 143032, Note_on_c, 0, 41, 85
1, 143035, Note_on_c, 0, 40, 0
1, 143057, Note_on_c, 0, 74, 0
1, 143124, Note_on_c, 0, 41, 0
1, 143143, Note_on_c, 0, 71, 82
1, 143143, Note_on_c, 0, 74, 68
1, 143146, Note_on_c, 0, 65, 71
1, 143149, Note_on_c, 0, 31, 100
1, 143216, Note_on_c, 0, 31, 0
1, 143257, Note_on_c, 0, 42, 78
1, 143294, Note_on_c, 0, 65, 0
1, 143350, Note_on_c, 0, 71, 0
1, 143358, Note_on_c, 0, 43, 78
1, 143372, Note_on_c, 0, 42, 0
1, 143442, Note_on_c, 0, 43, 0
1, 143469, Note_on_c, 0, 36, 100
1, 143481, Note_on_c, 0, 64, 74
1, 143486, Note_on_c, 0, 67, 68
1, 143486, Note_on_c, 0, 72, 78
1, 143498, Note_on_c, 0, 74, 0
1, 143551, Note_on_c, 0, 36, 0
1, 143584, Note_on_c, 0, 40, 90
1, 143678, Note_on_c, 0, 40, 0
1, 143693, Note_on_c, 0, 43, 82
1, 143740, Note_on_c, 0, 43, 0
1, 143820, Note_on_c, 0, 64, 0
1, 143820, Note_on_c, 0, 48, 81
1, 143835, Note_on_c, 0, 67, 0
1, 143868, Control_c, 0, 64, 127
1, 143895, Note_on_c, 0, 72, 0
1, 143902, Note_on_c, 0, 48, 0
1, 144001, Control_c, 0, 64, 0
1, 144141, Note_on_c, 0, 43, 83
1, 144149, Note_on_c, 0, 79, 73
1, 144149, Note_on_c, 0, 76, 60
1, 144258, Note_on_c, 0, 48, 74
1, 144263, Note_on_c, 0, 43, 0
1, 144314, Note_on_c, 0, 79, 0
1, 144361, Note_on_c, 0, 76, 0
1, 144361, Note_on_c, 0, 52, 101
1, 144366, Note_on_c, 0, 48, 0
1, 144434, Note_on_c, 0, 52, 0
1, 144458, Note_on_c, 0, 55, 93
1, 144458, Note_on_c, 0, 79, 103
1, 144463, Note_on_c, 0, 76, 86
1, 144541, Note_on_c, 0, 55, 0
1, 144570, Note_on_c, 0, 60, 85
1, 144573, Note_on_c, 0, 76, 0
1, 144668, Note_on_c, 0, 60, 0
1, 144668, Note_on_c, 0, 64, 89
1, 144757, Note_on_c, 0, 64, 0
1, 144779, Note_on_c, 0, 76, 89
1, 144779, Note_on_c, 0, 77, 94
1, 144782, Note_on_c, 0, 67, 92
1, 144838, Note_on_c, 0, 79, 0
1, 144874, Note_on_c, 0, 67, 0
1, 144877, Note_on_c, 0, 66, 81
1, 144973, Note_on_c, 0, 66, 0
1, 144993, Note_on_c, 0, 67, 79
1, 145088, Note_on_c, 0, 67, 0
1, 145108, Note_on_c, 0, 55, 83
1, 145116, Note_on_c, 0, 74, 62
1, 145149, Note_on_c, 0, 76, 0
1, 145211, Note_on_c, 0, 57, 78
1, 145216, Note_on_c, 0, 55, 0
1, 145286, Note_on_c, 0, 74, 0
1, 145316, Note_on_c, 0, 57, 0
1, 145325, Note_on_c, 0, 59, 82
1, 145391, Note_on_c, 0, 59, 0
1, 145427, Note_on_c, 0, 76, 66
1, 145431, Note_on_c, 0, 60, 78
1, 145431, Note_on_c, 0, 74, 64
1, 145461, Note_on_c, 0, 77, 0
1, 145489, Note_on_c, 0, 60, 0
1, 145540, Note_on_c, 0, 59, 71
1, 145589, Note_on_c, 0, 59, 0
1, 145640, Note_on_c, 0, 60, 59
1, 145700, Note_on_c, 0, 60, 0
1, 145736, Note_on_c, 0, 48, 69
1, 145748, Note_on_c, 0, 74, 0
1, 145748, Note_on_c, 0, 72, 64
1, 145846, Note_on_c, 0, 52, 67
1, 145850, Note_on_c, 0, 48, 0
1, 145930, Note_on_c, 0, 52, 0
1, 145935, Note_on_c, 0, 72, 0
1, 145948, Note_on_c, 0, 76, 0
1, 145959, Note_on_c, 0, 81, 69
1, 145959, Note_on_c, 0, 53, 90
1, 146005, Note_on_c, 0, 53, 0
1, 146049, Note_on_c, 0, 72, 65
1, 146054, Note_on_c, 0, 81, 0
1, 146054, Note_on_c, 0, 55, 69
1, 146065, Note_on_c, 0, 76, 65
1, 146146, Note_on_c, 0, 55, 0
1, 146166, Note_on_c, 0, 54, 73
1, 146214, Note_on_c, 0, 54, 0
1, 146258, Note_on_c, 0, 72, 0
1, 146269, Note_on_c, 0, 55, 66
1, 146322, Note_on_c, 0, 55, 0
1, 146372, Note_on_c, 0, 74, 76
1, 146372, Note_on_c, 0, 76, 0
1, 146372, Note_on_c, 0, 71, 59
1, 146394, Note_on_c, 0, 43, 48
1, 146487, Note_on_c, 0, 76, 79
1, 146500, Note_on_c, 0, 43, 0
1, 146508, Note_on_c, 0, 74, 0
1, 146530, Control_c, 0, 64, 127
1, 146583, Note_on_c, 0, 77, 85
1, 146595, Note_on_c, 0, 71, 0
1, 146618, Note_on_c, 0, 76, 0
1, 146693, Note_on_c, 0, 76, 67
1, 146696, Note_on_c, 0, 43, 97
1, 146700, Note_on_c, 0, 79, 104
1, 146709, Control_c, 0, 64, 0
1, 146720, Note_on_c, 0, 77, 0
1, 146790, Note_on_c, 0, 48, 89
1, 146818, Note_on_c, 0, 43, 0
1, 146904, Note_on_c, 0, 52, 104
1, 146921, Note_on_c, 0, 48, 0
1, 146948, Note_on_c, 0, 76, 0
1, 146954, Note_on_c, 0, 79, 0
1, 146991, Note_on_c, 0, 52, 0
1, 147001, Note_on_c, 0, 55, 98
1, 147001, Note_on_c, 0, 76, 76
1, 147001, Note_on_c, 0, 79, 92
1, 147071, Note_on_c, 0, 55, 0
1, 147118, Note_on_c, 0, 60, 92
1, 147144, Note_on_c, 0, 76, 0
1, 147222, Note_on_c, 0, 64, 99
1, 147242, Note_on_c, 0, 60, 0
1, 147308, Note_on_c, 0, 64, 0
1, 147330, Note_on_c, 0, 76, 90
1, 147330, Note_on_c, 0, 77, 94
1, 147330, Note_on_c, 0, 67, 96
1, 147380, Note_on_c, 0, 79, 0
1, 147412, Note_on_c, 0, 67, 0
1, 147434, Note_on_c, 0, 66, 78
1, 147539, Note_on_c, 0, 66, 0
1, 147553, Note_on_c, 0, 67, 82
1, 147626, Note_on_c, 0, 67, 0
1, 147650, Note_on_c, 0, 55, 94
1, 147650, Note_on_c, 0, 74, 86
1, 147690, Note_on_c, 0, 76, 0
1, 147754, Note_on_c, 0, 57, 86
1, 147778, Note_on_c, 0, 55, 0
1, 147849, Note_on_c, 0, 74, 0
1, 147868, Note_on_c, 0, 59, 92
1, 147887, Note_on_c, 0, 57, 0
1, 147938, Note_on_c, 0, 59, 0
1, 147971, Note_on_c, 0, 76, 81
1, 147971, Note_on_c, 0, 74, 77
1, 147976, Note_on_c, 0, 60, 87
1, 148026, Note_on_c, 0, 77, 0
1, 148051, Note_on_c, 0, 60, 0
1, 148074, Note_on_c, 0, 59, 85
1, 148135, Note_on_c, 0, 59, 0
1, 148177, Note_on_c, 0, 60, 72
1, 148258, Note_on_c, 0, 60, 0
1, 148272, Note_on_c, 0, 74, 0
1, 148278, Note_on_c, 0, 48, 79
1, 148285, Note_on_c, 0, 72, 70
1, 148391, Note_on_c, 0, 48, 0
1, 148391, Note_on_c, 0, 52, 75
1, 148417, Note_on_c, 0, 76, 0
1, 148431, Note_on_c, 0, 72, 0
1, 148476, Note_on_c, 0, 52, 0
1, 148495, Note_on_c, 0, 53, 95
1, 148495, Note_on_c, 0, 81, 75
1, 148537, Note_on_c, 0, 53, 0
1, 148598, Note_on_c, 0, 76, 73
1, 148598, Note_on_c, 0, 55, 69
1, 148602, Note_on_c, 0, 72, 66
1, 148602, Note_on_c, 0, 81, 0
1, 148657, Note_on_c, 0, 55, 0
1, 148692, Note_on_c, 0, 54, 72
1, 148740, Note_on_c, 0, 54, 0
1, 148792, Note_on_c, 0, 72, 0
1, 148807, Note_on_c, 0, 55, 62
1, 148870, Note_on_c, 0, 55, 0
1, 148912, Note_on_c, 0, 71, 60
1, 148912, Note_on_c, 0, 76, 0
1, 148916, Note_on_c, 0, 74, 66
1, 148916, Note_on_c, 0, 43, 55
1, 149013, Note_on_c, 0, 74, 0
1, 149022, Note_on_c, 0, 71, 0
1, 149032, Note_on_c, 0, 77, 75
1, 149050, Note_on_c, 0, 43, 0
1, 149119, Note_on_c, 0, 77, 0
1, 149135, Note_on_c, 0, 74, 87
1, 149161, Note_on_c, 0, 74, 0
1, 149261, Note_on_c, 0, 72, 108
1, 149261, Note_on_c, 0, 36, 108
1, 149261, Note_on_c, 0, 67, 99
1, 149261, Note_on_c, 0, 64, 102
1, 149355, Note_on_c, 0, 40, 102
1, 149400, Note_on_c, 0, 36, 0
1, 149461, Note_on_c, 0, 72, 0
1, 149480, Note_on_c, 0, 43, 91
1, 149501, Note_on_c, 0, 40, 0
1, 149559, Note_on_c, 0, 43, 0
1, 149570, Note_on_c, 0, 64, 0
1, 149582, Note_on_c, 0, 48, 90
1, 149590, Note_on_c, 0, 72, 101
1, 149603, Note_on_c, 0, 67, 0
1, 149657, Control_c, 0, 64, 127
1, 149681, Note_on_c, 0, 48, 0
1, 149690, Note_on_c, 0, 52, 98
1, 149707, Note_on_c, 0, 72, 0
1, 149760, Note_on_c, 0, 52, 0
1, 149777, Control_c, 0, 64, 0
1, 149785, Note_on_c, 0, 48, 92
1, 149893, Note_on_c, 0, 48, 0
1, 149893, Note_on_c, 0, 72, 89
1, 149893, Note_on_c, 0, 36, 104
1, 149896, Note_on_c, 0, 79, 107
1, 149896, Note_on_c, 0, 76, 87
1, 149990, Note_on_c, 0, 40, 105
1, 150013, Note_on_c, 0, 36, 0
1, 150052, Control_c, 0, 64, 127
1, 150077, Control_c, 0, 64, 0
1, 150099, Note_on_c, 0, 72, 0
1, 150105, Note_on_c, 0, 43, 88
1, 150105, Note_on_c, 0, 79, 0
1, 150127, Note_on_c, 0, 40, 0
1, 150163, Note_on_c, 0, 76, 0
1, 150189, Note_on_c, 0, 43, 0
1, 150211, Note_on_c, 0, 79, 107
1, 150211, Note_on_c, 0, 48, 86
1, 150308, Note_on_c, 0, 48, 0
1, 150314, Note_on_c, 0, 52, 92
1, 150345, Note_on_c, 0, 79, 0
1, 150364, Control_c, 0, 64, 127
1, 150381, Note_on_c, 0, 52, 0
1, 150419, Note_on_c, 0, 48, 87
1, 150425, Control_c, 0, 64, 0
1, 150509, Note_on_c, 0, 48, 0
1, 150520, Note_on_c, 0, 79, 102
1, 150520, Note_on_c, 0, 81, 99
1, 150525, Note_on_c, 0, 72, 91
1, 150525, Note_on_c, 0, 36, 103
1, 150632, Note_on_c, 0, 41, 90
1, 150642, Note_on_c, 0, 36, 0
1, 150745, Note_on_c, 0, 45, 86
1, 150757, Note_on_c, 0, 41, 0
1, 150830, Note_on_c, 0, 45, 0
1, 150851, Note_on_c, 0, 77, 90
1, 150854, Note_on_c, 0, 48, 81
1, 150893, Note_on_c, 0, 79, 0
1, 150946, Note_on_c, 0, 48, 0
1, 150958, Note_on_c, 0, 53, 107
1, 151032, Note_on_c, 0, 53, 0
1, 151058, Note_on_c, 0, 77, 0
1, 151061, Note_on_c, 0, 48, 82
1, 151069, Note_on_c, 0, 72, 0
1, 151153, Note_on_c, 0, 48, 0
1, 151167, Note_on_c, 0, 79, 96
1, 151167, Note_on_c, 0, 36, 97
1, 151171, Note_on_c, 0, 77, 86
1, 151186, Note_on_c, 0, 72, 63
1, 151225, Note_on_c, 0, 81, 0
1, 151267, Note_on_c, 0, 40, 102
1, 151284, Note_on_c, 0, 36, 0
1, 151386, Note_on_c, 0, 43, 91
1, 151390, Note_on_c, 0, 40, 0
1, 151473, Note_on_c, 0, 43, 0
1, 151484, Note_on_c, 0, 76, 68
1, 151489, Note_on_c, 0, 77, 0
1, 151492, Note_on_c, 0, 48, 89
1, 151579, Note_on_c, 0, 72, 0
1, 151582, Note_on_c, 0, 48, 0
1, 151593, Note_on_c, 0, 52, 85
1, 151648, Note_on_c, 0, 52, 0
1, 151651, Note_on_c, 0, 76, 0
1, 151692, Note_on_c, 0, 48, 84
1, 151734, Note_on_c, 0, 48, 0
1, 151804, Note_on_c, 0, 33, 103
1, 151804, Note_on_c, 0, 77, 86
1, 151807, Note_on_c, 0, 76, 81
1, 151810, Note_on_c, 0, 72, 70
1, 151826, Note_on_c, 0, 79, 0
1, 151832, Note_on_c, 0, 33, 0
1, 151921, Note_on_c, 0, 44, 86
1, 151947, Note_on_c, 0, 72, 0
1, 151980, Note_on_c, 0, 76, 0
1, 152025, Note_on_c, 0, 45, 81
1, 152030, Note_on_c, 0, 44, 0
1, 152057, Note_on_c, 0, 77, 0
1, 152103, Note_on_c, 0, 45, 0
1, 152131, Note_on_c, 0, 74, 94
1, 152131, Note_on_c, 0, 35, 108
1, 152134, Note_on_c, 0, 77, 75
1, 152142, Note_on_c, 0, 67, 76
1, 152208, Note_on_c, 0, 35, 0
1, 152250, Note_on_c, 0, 46, 84
1, 152308, Note_on_c, 0, 67, 0
1, 152312, Note_on_c, 0, 74, 0
1, 152345, Note_on_c, 0, 46, 0
1, 152350, Note_on_c, 0, 47, 79
1, 152447, Note_on_c, 0, 47, 0
1, 152456, Note_on_c, 0, 74, 93
1, 152456, Note_on_c, 0, 76, 82
1, 152461, Note_on_c, 0, 36, 106
1, 152461, Note_on_c, 0, 77, 0
1, 152461, Note_on_c, 0, 67, 79
1, 152525, Note_on_c, 0, 36, 0
1, 152573, Note_on_c, 0, 47, 62
1, 152635, Note_on_c, 0, 76, 0
1, 152656, Note_on_c, 0, 67, 0
1, 152670, Note_on_c, 0, 48, 77
1, 152674, Note_on_c, 0, 47, 0
1, 152715, Note_on_c, 0, 74, 0
1, 152741, Note_on_c, 0, 48, 0
1, 152780, Note_on_c, 0, 76, 81
1, 152780, Note_on_c, 0, 72, 81
1, 152784, Note_on_c, 0, 33, 106
1, 152784, Note_on_c, 0, 69, 63
1, 152827, Note_on_c, 0, 33, 0
1, 152901, Note_on_c, 0, 44, 72
1, 152930, Note_on_c, 0, 72, 0
1, 152930, Note_on_c, 0, 69, 0
1, 152990, Note_on_c, 0, 44, 0
1, 152990, Note_on_c, 0, 45, 63
1, 153044, Note_on_c, 0, 45, 0
1, 153105, Note_on_c, 0, 72, 84
1, 153105, Note_on_c, 0, 69, 69
1, 153105, Note_on_c, 0, 29, 108
1, 153105, Note_on_c, 0, 74, 85
1, 153124, Note_on_c, 0, 76, 0
1, 153170, Note_on_c, 0, 29, 0
1, 153231, Note_on_c, 0, 40, 101
1, 153259, Note_on_c, 0, 72, 0
1, 153272, Note_on_c, 0, 69, 0
1, 153319, Note_on_c, 0, 41, 90
1, 153326, Note_on_c, 0, 40, 0
1, 153334, Note_on_c, 0, 74, 0
1, 153406, Note_on_c, 0, 41, 0
1, 153439, Note_on_c, 0, 31, 103
1, 153439, Note_on_c, 0, 71, 84
1, 153443, Note_on_c, 0, 65, 72
1, 153443, Note_on_c, 0, 74, 90
1, 153521, Note_on_c, 0, 31, 0
1, 153560, Note_on_c, 0, 42, 81
1, 153615, Note_on_c, 0, 65, 0
1, 153643, Note_on_c, 0, 71, 0
1, 153663, Note_on_c, 0, 43, 85
1, 153674, Note_on_c, 0, 42, 0
1, 153745, Note_on_c, 0, 43, 0
1, 153776, Note_on_c, 0, 64, 82
1, 153779, Note_on_c, 0, 72, 86
1, 153779, Note_on_c, 0, 67, 80
1, 153784, Note_on_c, 0, 36, 92
1, 153794, Note_on_c, 0, 74, 0
1, 153865, Note_on_c, 0, 36, 0
1, 153890, Note_on_c, 0, 40, 97
1, 153946, Note_on_c, 0, 40, 0
1, 154011, Note_on_c, 0, 43, 87
1, 154064, Note_on_c, 0, 43, 0
1, 154160, Note_on_c, 0, 48, 83
1, 154208, Note_on_c, 0, 67, 0
1, 154248, Control_c, 0, 64, 127
1, 154303, Note_on_c, 0, 48, 0
1, 154339, Note_on_c, 0, 64, 0
1, 154339, Note_on_c, 0, 72, 0
1, 154403, Control_c, 0, 64, 0
1, 155239, Note_on_c, 0, 72, 44
1, 155429, Note_on_c, 0, 60, 26
1, 155484, Note_on_c, 0, 60, 0
1, 155609, Note_on_c, 0, 64, 34
1, 155621, Note_on_c, 0, 72, 0
1, 155782, Note_on_c, 0, 72, 61
1, 155801, Note_on_c, 0, 64, 0
1, 155916, Note_on_c, 0, 72, 0
1, 155980, Note_on_c, 0, 79, 61
1, 156158, Note_on_c, 0, 64, 37
1, 156259, Note_on_c, 0, 64, 0
1, 156342, Note_on_c, 0, 60, 12
1, 156392, Note_on_c, 0, 79, 0
1, 156518, Note_on_c, 0, 79, 74
1, 156563, Note_on_c, 0, 60, 0
1, 156685, Note_on_c, 0, 79, 0
1, 156707, Note_on_c, 0, 81, 56
1, 156880, Note_on_c, 0, 65, 37
1, 156997, Note_on_c, 0, 65, 0
1, 157063, Note_on_c, 0, 60, 42
1, 157091, Note_on_c, 0, 81, 0
1, 157236, Note_on_c, 0, 60, 0
1, 157248, Note_on_c, 0, 81, 50
1, 157328, Note_on_c, 0, 81, 0
1, 157451, Note_on_c, 0, 79, 50
1, 157606, Note_on_c, 0, 64, 41
1, 157733, Note_on_c, 0, 64, 0
1, 157783, Note_on_c, 0, 60, 45
1, 157847, Note_on_c, 0, 79, 0
1, 157944, Note_on_c, 0, 60, 0
1, 157958, Note_on_c, 0, 79, 71
1, 157964, Note_on_c, 0, 76, 52
1, 158033, Note_on_c, 0, 76, 0
1, 158067, Note_on_c, 0, 79, 0
1, 158130, Note_on_c, 0, 62, 66
1, 158267, Note_on_c, 0, 62, 0
1, 158304, Note_on_c, 0, 77, 73
1, 158309, Note_on_c, 0, 76, 66
1, 158364, Note_on_c, 0, 77, 0
1, 158364, Note_on_c, 0, 76, 0
1, 158481, Note_on_c, 0, 59, 61
1, 158576, Note_on_c, 0, 59, 0
1, 158643, Note_on_c, 0, 74, 73
1, 158643, Note_on_c, 0, 77, 72
1, 158740, Note_on_c, 0, 74, 0
1, 158760, Note_on_c, 0, 77, 0
1, 158821, Note_on_c, 0, 60, 63
1, 158967, Note_on_c, 0, 60, 0
1, 159003, Note_on_c, 0, 74, 73
1, 159003, Note_on_c, 0, 76, 56
1, 159059, Note_on_c, 0, 74, 0
1, 159064, Note_on_c, 0, 76, 0
1, 159205, Note_on_c, 0, 57, 62
1, 159300, Note_on_c, 0, 57, 0
1, 159368, Note_on_c, 0, 76, 52
1, 159368, Note_on_c, 0, 72, 58
1, 159428, Note_on_c, 0, 72, 0
1, 159439, Note_on_c, 0, 76, 0
1, 159566, Note_on_c, 0, 53, 73
1, 159662, Note_on_c, 0, 53, 0
1, 159730, Note_on_c, 0, 74, 66
1, 159733, Note_on_c, 0, 72, 62
1, 159780, Note_on_c, 0, 72, 0
1, 159780, Note_on_c, 0, 74, 0
1, 159922, Note_on_c, 0, 55, 49
1, 159997, Note_on_c, 0, 55, 0
1, 160078, Note_on_c, 0, 74, 59
1, 160078, Note_on_c, 0, 71, 56
1, 160123, Note_on_c, 0, 74, 0
1, 160126, Note_on_c, 0, 71, 0
1, 160270, Note_on_c, 0, 72, 54
1, 160443, Note_on_c, 0, 60, 53
1, 160488, Note_on_c, 0, 60, 0
1, 160643, Note_on_c, 0, 48, 49
1, 160761, Note_on_c, 0, 72, 0
1, 160814, Control_c, 0, 64, 127
1, 160875, Control_c, 0, 64, 0
1, 160892, Note_on_c, 0, 48, 0
1, 161013, Note_on_c, 0, 72, 69
1, 161198, Note_on_c, 0, 60, 56
1, 161240, Note_on_c, 0, 60, 0
1, 161401, Note_on_c, 0, 64, 46
1, 161406, Note_on_c, 0, 72, 0
1, 161584, Note_on_c, 0, 72, 51
1, 161613, Note_on_c, 0, 64, 0
1, 161658, Note_on_c, 0, 72, 0
1, 161779, Note_on_c, 0, 79, 56
1, 161975, Note_on_c, 0, 64, 29
1, 162041, Note_on_c, 0, 64, 0
1, 162153, Note_on_c, 0, 60, 34
1, 162206, Note_on_c, 0, 79, 0
1, 162331, Note_on_c, 0, 79, 69
1, 162356, Note_on_c, 0, 60, 0
1, 162379, Note_on_c, 0, 79, 0
1, 162527, Note_on_c, 0, 81, 70
1, 162691, Note_on_c, 0, 65, 46
1, 162747, Note_on_c, 0, 65, 0
1, 162885, Note_on_c, 0, 60, 44
1, 162939, Note_on_c, 0, 81, 0
1, 163067, Note_on_c, 0, 81, 62
1, 163072, Note_on_c, 0, 60, 0
1, 163109, Note_on_c, 0, 81, 0
1, 163251, Note_on_c, 0, 79, 60
1, 163417, Note_on_c, 0, 64, 47
1, 163480, Note_on_c, 0, 64, 0
1, 163597, Note_on_c, 0, 60, 56
1, 163672, Note_on_c, 0, 79, 0
1, 163772, Note_on_c, 0, 79, 71
1, 163772, Note_on_c, 0, 76, 61
1, 163828, Note_on_c, 0, 76, 0
1, 163836, Note_on_c, 0, 60, 0
1, 163877, Note_on_c, 0, 79, 0
1, 163955, Note_on_c, 0, 62, 65
1, 164069, Note_on_c, 0, 62, 0
1, 164122, Note_on_c, 0, 77, 67
1, 164125, Note_on_c, 0, 76, 57
1, 164173, Note_on_c, 0, 77, 0
1, 164214, Note_on_c, 0, 76, 0
1, 164312, Note_on_c, 0, 59, 55
1, 164373, Note_on_c, 0, 59, 0
1, 164471, Note_on_c, 0, 77, 60
1, 164476, Note_on_c, 0, 74, 58
1, 164526, Note_on_c, 0, 74, 0
1, 164552, Note_on_c, 0, 77, 0
1, 164643, Note_on_c, 0, 60, 54
1, 164755, Note_on_c, 0, 60, 0
1, 164821, Note_on_c, 0, 76, 52
1, 164833, Note_on_c, 0, 74, 51
1, 164878, Note_on_c, 0, 74, 0
1, 164886, Note_on_c, 0, 76, 0
1, 165012, Note_on_c, 0, 57, 41
1, 165070, Note_on_c, 0, 57, 0
1, 165176, Note_on_c, 0, 76, 37
1, 165179, Note_on_c, 0, 72, 37
1, 165237, Note_on_c, 0, 72, 0
1, 165242, Note_on_c, 0, 76, 0
1, 165359, Note_on_c, 0, 53, 60
1, 165412, Note_on_c, 0, 53, 0
1, 165521, Note_on_c, 0, 74, 52
1, 165527, Note_on_c, 0, 72, 43
1, 165577, Note_on_c, 0, 74, 0
1, 165580, Note_on_c, 0, 72, 0
1, 165702, Note_on_c, 0, 55, 46
1, 165760, Note_on_c, 0, 55, 0
1, 165866, Note_on_c, 0, 74, 53
1, 165869, Note_on_c, 0, 71, 52
1, 165914, Note_on_c, 0, 74, 0
1, 165914, Note_on_c, 0, 71, 0
1, 166070, Note_on_c, 0, 72, 31
1, 166231, Note_on_c, 0, 60, 36
1, 166290, Note_on_c, 0, 60, 0
1, 166434, Note_on_c, 0, 48, 34
1, 166580, Control_c, 0, 64, 127
1, 166588, Note_on_c, 0, 48, 0
1, 166616, Control_c, 0, 64, 0
1, 166646, Note_on_c, 0, 72, 0
1, 166825, Note_on_c, 0, 79, 73
1, 167009, Note_on_c, 0, 64, 48
1, 167209, Note_on_c, 0, 55, 46
1, 167209, Note_on_c, 0, 64, 0
1, 167251, Note_on_c, 0, 79, 0
1, 167299, Control_c, 0, 64, 127
1, 167352, Note_on_c, 0, 55, 0
1, 167377, Note_on_c, 0, 79, 76
1, 167430, Control_c, 0, 64, 0
1, 167575, Note_on_c, 0, 78, 64
1, 167616, Note_on_c, 0, 79, 0
1, 167746, Note_on_c, 0, 62, 47
1, 167883, Note_on_c, 0, 78, 0
1, 167917, Note_on_c, 0, 62, 0
1, 167917, Note_on_c, 0, 55, 41
1, 167922, Control_c, 0, 64, 127
1, 168042, Control_c, 0, 64, 0
1, 168087, Note_on_c, 0, 77, 58
1, 168104, Note_on_c, 0, 55, 0
1, 168288, Note_on_c, 0, 76, 50
1, 168317, Note_on_c, 0, 77, 0
1, 168477, Note_on_c, 0, 60, 31
1, 168627, Note_on_c, 0, 60, 0
1, 168630, Control_c, 0, 64, 127
1, 168643, Note_on_c, 0, 76, 0
1, 168646, Note_on_c, 0, 55, 43
1, 168761, Control_c, 0, 64, 0
1, 168785, Note_on_c, 0, 55, 0
1, 168791, Note_on_c, 0, 75, 53
1, 169001, Note_on_c, 0, 74, 52
1, 169012, Note_on_c, 0, 75, 0
1, 169182, Note_on_c, 0, 59, 39
1, 169316, Note_on_c, 0, 59, 0
1, 169324, Control_c, 0, 64, 127
1, 169330, Note_on_c, 0, 74, 0
1, 169357, Note_on_c, 0, 55, 48
1, 169477, Note_on_c, 0, 55, 0
1, 169505, Control_c, 0, 64, 0
1, 169525, Note_on_c, 0, 67, 77
1, 169721, Note_on_c, 0, 79, 91
1, 169766, Note_on_c, 0, 67, 0
1, 169898, Note_on_c, 0, 64, 64
1, 170056, Control_c, 0, 64, 127
1, 170056, Note_on_c, 0, 64, 0
1, 170061, Note_on_c, 0, 79, 0
1, 170072, Note_on_c, 0, 55, 58
1, 170199, Control_c, 0, 64, 0
1, 170210, Note_on_c, 0, 55, 0
1, 170224, Note_on_c, 0, 79, 88
1, 170299, Note_on_c, 0, 78, 72
1, 170315, Note_on_c, 0, 79, 0
1, 170418, Note_on_c, 0, 77, 65
1, 170438, Note_on_c, 0, 78, 0
1, 170571, Note_on_c, 0, 62, 54
1, 170680, Note_on_c, 0, 62, 0
1, 170702, Control_c, 0, 64, 127
1, 170734, Note_on_c, 0, 77, 0
1, 170755, Note_on_c, 0, 55, 45
1, 170834, Control_c, 0, 64, 0
1, 170908, Note_on_c, 0, 77, 65
1, 170923, Note_on_c, 0, 55, 0
1, 170997, Note_on_c, 0, 77, 0
1, 170997, Note_on_c, 0, 76, 48
1, 171093, Note_on_c, 0, 75, 51
1, 171121, Note_on_c, 0, 76, 0
1, 171257, Note_on_c, 0, 60, 41
1, 171374, Control_c, 0, 64, 127
1, 171397, Note_on_c, 0, 60, 0
1, 171436, Note_on_c, 0, 75, 0
1, 171441, Note_on_c, 0, 55, 34
1, 171541, Control_c, 0, 64, 0
1, 171596, Note_on_c, 0, 78, 53
1, 171608, Note_on_c, 0, 55, 0
1, 171697, Note_on_c, 0, 78, 0
1, 171706, Note_on_c, 0, 79, 59
1, 171794, Note_on_c, 0, 79, 0
1, 171825, Note_on_c, 0, 74, 42
1, 171997, Note_on_c, 0, 59, 29
1, 172073, Note_on_c, 0, 59, 0
1, 172176, Note_on_c, 0, 55, 20
1, 172188, Control_c, 0, 64, 127
1, 172232, Note_on_c, 0, 74, 0
1, 172329, Note_on_c, 0, 55, 0
1, 172371, Note_on_c, 0, 77, 51
1, 172405, Control_c, 0, 64, 0
1, 172416, Note_on_c, 0, 77, 0
1, 172460, Note_on_c, 0, 74, 53
1, 172518, Note_on_c, 0, 74, 0
1, 172558, Note_on_c, 0, 72, 28
1, 172699, Note_on_c, 0, 48, 39
1, 172763, Note_on_c, 0, 48, 0
1, 172789, Note_on_c, 0, 52, 46
1, 172864, Note_on_c, 0, 52, 0
1, 172890, Note_on_c, 0, 55, 24
1, 172895, Note_on_c, 0, 72, 0
1, 173062, Note_on_c, 0, 72, 60
1, 173110, Note_on_c, 0, 72, 0
1, 173120, Note_on_c, 0, 55, 0
1, 173142, Note_on_c, 0, 76, 53
1, 173235, Note_on_c, 0, 79, 76
1, 173255, Note_on_c, 0, 76, 0
1, 173432, Note_on_c, 0, 60, 47
1, 173480, Note_on_c, 0, 60, 0
1, 173502, Note_on_c, 0, 64, 56
1, 173521, Note_on_c, 0, 79, 0
1, 173557, Note_on_c, 0, 64, 0
1, 173617, Note_on_c, 0, 67, 46
1, 173784, Note_on_c, 0, 79, 71
1, 173805, Note_on_c, 0, 67, 0
1, 173853, Note_on_c, 0, 79, 0
1, 173862, Note_on_c, 0, 76, 56
1, 173956, Note_on_c, 0, 81, 67
1, 173967, Note_on_c, 0, 76, 0
1, 174124, Note_on_c, 0, 65, 45
1, 174176, Note_on_c, 0, 65, 0
1, 174196, Note_on_c, 0, 69, 43
1, 174276, Note_on_c, 0, 69, 0
1, 174308, Note_on_c, 0, 60, 49
1, 174338, Note_on_c, 0, 81, 0
1, 174482, Note_on_c, 0, 81, 70
1, 174514, Note_on_c, 0, 60, 0
1, 174566, Note_on_c, 0, 84, 76
1, 174591, Note_on_c, 0, 81, 0
1, 174661, Note_on_c, 0, 79, 71
1, 174661, Note_on_c, 0, 84, 0
1, 174825, Note_on_c, 0, 64, 52
1, 174873, Note_on_c, 0, 64, 0
1, 174901, Note_on_c, 0, 67, 44
1, 174953, Note_on_c, 0, 79, 0
1, 174968, Note_on_c, 0, 67, 0
1, 174993, Note_on_c, 0, 60, 53
1, 175140, Note_on_c, 0, 60, 0
1, 175159, Note_on_c, 0, 76, 55
1, 175207, Note_on_c, 0, 76, 0
1, 175229, Note_on_c, 0, 79, 80
1, 175293, Note_on_c, 0, 79, 0
1, 175340, Note_on_c, 0, 62, 70
1, 175446, Note_on_c, 0, 62, 0
1, 175516, Note_on_c, 0, 79, 79
1, 175594, Note_on_c, 0, 78, 70
1, 175594, Note_on_c, 0, 79, 0
1, 175655, Note_on_c, 0, 78, 0
1, 175688, Note_on_c, 0, 59, 79
1, 175772, Note_on_c, 0, 59, 0
1, 175854, Note_on_c, 0, 74, 70
1, 175909, Note_on_c, 0, 74, 0
1, 175928, Note_on_c, 0, 77, 75
1, 175978, Note_on_c, 0, 77, 0
1, 176035, Note_on_c, 0, 60, 75
1, 176145, Note_on_c, 0, 60, 0
1, 176224, Note_on_c, 0, 77, 55
1, 176277, Note_on_c, 0, 77, 0
1, 176288, Note_on_c, 0, 76, 47
1, 176333, Note_on_c, 0, 76, 0
1, 176405, Note_on_c, 0, 52, 65
1, 176455, Note_on_c, 0, 52, 0
1, 176570, Note_on_c, 0, 79, 62
1, 176630, Note_on_c, 0, 79, 0
1, 176653, Note_on_c, 0, 76, 44
1, 176703, Note_on_c, 0, 76, 0
1, 176748, Note_on_c, 0, 53, 74
1, 176808, Note_on_c, 0, 53, 0
1, 176904, Note_on_c, 0, 73, 55
1, 176970, Note_on_c, 0, 73, 0
1, 176975, Note_on_c, 0, 74, 69
1, 177013, Note_on_c, 0, 74, 0
1, 177090, Note_on_c, 0, 55, 56
1, 177168, Note_on_c, 0, 55, 0
1, 177272, Note_on_c, 0, 77, 45
1, 177324, Note_on_c, 0, 77, 0
1, 177349, Note_on_c, 0, 74, 37
1, 177399, Note_on_c, 0, 74, 0
1, 177446, Note_on_c, 0, 60, 40
1, 177520, Note_on_c, 0, 60, 0
1, 177616, Note_on_c, 0, 71, 30
1, 177681, Note_on_c, 0, 71, 0
1, 177689, Note_on_c, 0, 72, 32
1, 177765, Note_on_c, 0, 48, 48
1, 177779, Note_on_c, 0, 72, 0
1, 177889, Note_on_c, 0, 48, 0
1, 178129, Note_on_c, 0, 79, 56
1, 178229, Control_c, 0, 64, 127
1, 178327, Note_on_c, 0, 64, 26
1, 178441, Note_on_c, 0, 64, 0
1, 178508, Note_on_c, 0, 79, 0
1, 178514, Note_on_c, 0, 55, 37
1, 178594, Note_on_c, 0, 55, 0
1, 178695, Note_on_c, 0, 79, 78
1, 178721, Control_c, 0, 64, 0
1, 178887, Note_on_c, 0, 78, 64
1, 178921, Note_on_c, 0, 79, 0
1, 179059, Note_on_c, 0, 62, 42
1, 179129, Control_c, 0, 64, 127
1, 179140, Note_on_c, 0, 78, 0
1, 179166, Note_on_c, 0, 62, 0
1, 179236, Note_on_c, 0, 55, 41
1, 179299, Note_on_c, 0, 55, 0
1, 179386, Note_on_c, 0, 77, 79
1, 179439, Control_c, 0, 64, 0
1, 179581, Note_on_c, 0, 76, 64
1, 179611, Note_on_c, 0, 77, 0
1, 179764, Note_on_c, 0, 60, 44
1, 179800, Control_c, 0, 64, 127
1, 179815, Note_on_c, 0, 76, 0
1, 179900, Note_on_c, 0, 60, 0
1, 179948, Note_on_c, 0, 55, 40
1, 180004, Control_c, 0, 64, 0
1, 180060, Note_on_c, 0, 55, 0
1, 180080, Note_on_c, 0, 75, 54
1, 180285, Note_on_c, 0, 74, 48
1, 180307, Note_on_c, 0, 75, 0
1, 180469, Note_on_c, 0, 59, 29
1, 180548, Note_on_c, 0, 59, 0
1, 180578, Control_c, 0, 64, 127
1, 180608, Note_on_c, 0, 74, 0
1, 180653, Note_on_c, 0, 55, 37
1, 180757, Control_c, 0, 64, 0
1, 180761, Note_on_c, 0, 55, 0
1, 180800, Note_on_c, 0, 67, 66
1, 181001, Note_on_c, 0, 79, 80
1, 181020, Note_on_c, 0, 67, 0
1, 181182, Note_on_c, 0, 64, 55
1, 181232, Note_on_c, 0, 79, 0
1, 181236, Control_c, 0, 64, 127
1, 181275, Note_on_c, 0, 64, 0
1, 181346, Note_on_c, 0, 55, 62
1, 181405, Control_c, 0, 64, 0
1, 181484, Note_on_c, 0, 55, 0
1, 181502, Note_on_c, 0, 79, 74
1, 181570, Note_on_c, 0, 78, 77
1, 181591, Note_on_c, 0, 79, 0
1, 181678, Note_on_c, 0, 77, 72
1, 181690, Note_on_c, 0, 78, 0
1, 181842, Note_on_c, 0, 62, 53
1, 181915, Note_on_c, 0, 77, 0
1, 181932, Control_c, 0, 64, 127
1, 181985, Note_on_c, 0, 62, 0
1, 182029, Note_on_c, 0, 55, 48
1, 182147, Control_c, 0, 64, 0
1, 182161, Note_on_c, 0, 55, 0
1, 182190, Note_on_c, 0, 77, 66
1, 182249, Note_on_c, 0, 77, 0
1, 182269, Note_on_c, 0, 76, 59
1, 182375, Note_on_c, 0, 75, 50
1, 182397, Note_on_c, 0, 76, 0
1, 182556, Note_on_c, 0, 60, 33
1, 182684, Note_on_c, 0, 60, 0
1, 182723, Control_c, 0, 64, 127
1, 182731, Note_on_c, 0, 55, 35
1, 182770, Note_on_c, 0, 75, 0
1, 182879, Control_c, 0, 64, 0
1, 182887, Note_on_c, 0, 55, 0
1, 182896, Note_on_c, 0, 78, 48
1, 182959, Note_on_c, 0, 78, 0
1, 182998, Note_on_c, 0, 79, 46
1, 183063, Note_on_c, 0, 79, 0
1, 183082, Note_on_c, 0, 74, 52
1, 183269, Note_on_c, 0, 59, 20
1, 183370, Note_on_c, 0, 59, 0
1, 183458, Note_on_c, 0, 55, 29
1, 183494, Note_on_c, 0, 74, 0
1, 183514, Control_c, 0, 64, 127
1, 183622, Note_on_c, 0, 55, 0
1, 183622, Control_c, 0, 64, 0
1, 183658, Note_on_c, 0, 77, 39
1, 183700, Note_on_c, 0, 77, 0
1, 183728, Note_on_c, 0, 74, 57
1, 183773, Note_on_c, 0, 74, 0
1, 183823, Note_on_c, 0, 72, 48
1, 183976, Note_on_c, 0, 48, 46
1, 184033, Note_on_c, 0, 48, 0
1, 184056, Note_on_c, 0, 52, 44
1, 184103, Note_on_c, 0, 52, 0
1, 184118, Note_on_c, 0, 55, 57
1, 184152, Note_on_c, 0, 72, 0
1, 184303, Note_on_c, 0, 72, 58
1, 184325, Note_on_c, 0, 55, 0
1, 184352, Note_on_c, 0, 72, 0
1, 184370, Note_on_c, 0, 76, 51
1, 184463, Note_on_c, 0, 79, 73
1, 184475, Note_on_c, 0, 76, 0
1, 184634, Note_on_c, 0, 60, 45
1, 184687, Note_on_c, 0, 60, 0
1, 184720, Note_on_c, 0, 64, 57
1, 184762, Note_on_c, 0, 64, 0
1, 184792, Note_on_c, 0, 79, 0
1, 184792, Note_on_c, 0, 67, 53
1, 184965, Note_on_c, 0, 79, 74
1, 184969, Note_on_c, 0, 67, 0
1, 185033, Note_on_c, 0, 76, 60
1, 185038, Note_on_c, 0, 79, 0
1, 185096, Note_on_c, 0, 76, 0
1, 185116, Note_on_c, 0, 81, 86
1, 185308, Note_on_c, 0, 65, 35
1, 185353, Note_on_c, 0, 65, 0
1, 185364, Note_on_c, 0, 69, 47
1, 185458, Note_on_c, 0, 69, 0
1, 185484, Note_on_c, 0, 60, 50
1, 185517, Note_on_c, 0, 81, 0
1, 185639, Note_on_c, 0, 81, 72
1, 185670, Note_on_c, 0, 60, 0
1, 185731, Note_on_c, 0, 81, 0
1, 185739, Note_on_c, 0, 84, 52
1, 185799, Note_on_c, 0, 84, 0
1, 185804, Note_on_c, 0, 79, 51
1, 185971, Note_on_c, 0, 64, 40
1, 186016, Note_on_c, 0, 64, 0
1, 186054, Note_on_c, 0, 67, 37
1, 186113, Note_on_c, 0, 67, 0
1, 186150, Note_on_c, 0, 60, 31
1, 186264, Note_on_c, 0, 79, 0
1, 186330, Note_on_c, 0, 76, 29
1, 186344, Note_on_c, 0, 60, 0
1, 186389, Note_on_c, 0, 76, 0
1, 186398, Note_on_c, 0, 79, 58
1, 186475, Note_on_c, 0, 79, 0
1, 186511, Note_on_c, 0, 62, 45
1, 186614, Note_on_c, 0, 62, 0
1, 186676, Note_on_c, 0, 79, 63
1, 186749, Note_on_c, 0, 79, 0
1, 186765, Note_on_c, 0, 78, 61
1, 186815, Note_on_c, 0, 78, 0
1, 186866, Note_on_c, 0, 59, 50
1, 186935, Note_on_c, 0, 59, 0
1, 187030, Note_on_c, 0, 74, 67
1, 187079, Note_on_c, 0, 74, 0
1, 187110, Note_on_c, 0, 77, 73
1, 187182, Note_on_c, 0, 77, 0
1, 187208, Note_on_c, 0, 60, 52
1, 187295, Note_on_c, 0, 60, 0
1, 187386, Note_on_c, 0, 77, 62
1, 187455, Note_on_c, 0, 77, 0
1, 187469, Note_on_c, 0, 76, 48
1, 187509, Note_on_c, 0, 76, 0
1, 187570, Note_on_c, 0, 52, 60
1, 187618, Note_on_c, 0, 52, 0
1, 187743, Note_on_c, 0, 79, 59
1, 187815, Note_on_c, 0, 79, 0
1, 187824, Note_on_c, 0, 76, 38
1, 187885, Note_on_c, 0, 76, 0
1, 187946, Note_on_c, 0, 53, 59
1, 188002, Note_on_c, 0, 53, 0
1, 188091, Note_on_c, 0, 73, 39
1, 188158, Note_on_c, 0, 73, 0
1, 188188, Note_on_c, 0, 74, 47
1, 188231, Note_on_c, 0, 74, 0
1, 188295, Note_on_c, 0, 55, 48
1, 188373, Note_on_c, 0, 55, 0
1, 188494, Note_on_c, 0, 77, 39
1, 188548, Note_on_c, 0, 77, 0
1, 188565, Note_on_c, 0, 74, 41
1, 188628, Note_on_c, 0, 74, 0
1, 188685, Note_on_c, 0, 60, 33
1, 188827, Note_on_c, 0, 60, 0
1, 188880, Note_on_c, 0, 71, 36
1, 188979, Note_on_c, 0, 71, 0
1, 189001, Note_on_c, 0, 72, 28
1, 189077, Note_on_c, 0, 72, 0
1, 189147, Note_on_c, 0, 48, 30
1, 189592, Note_on_c, 0, 48, 0
1, 190359, Note_on_c, 0, 48, 46
1, 190366, Note_on_c, 0, 72, 51
1, 190378, Note_on_c, 0, 67, 44
1, 190378, Note_on_c, 0, 64, 43
1, 190406, Note_on_c, 0, 48, 0
1, 190417, Note_on_c, 0, 72, 0
1, 190425, Note_on_c, 0, 47, 64
1, 190433, Note_on_c, 0, 67, 0
1, 190433, Note_on_c, 0, 64, 0
1, 190473, Note_on_c, 0, 47, 0
1, 190509, Note_on_c, 0, 48, 36
1, 190570, Note_on_c, 0, 48, 0
1, 190604, Note_on_c, 0, 47, 52
1, 190656, Note_on_c, 0, 47, 0
1, 190685, Note_on_c, 0, 64, 60
1, 190692, Note_on_c, 0, 48, 62
1, 190692, Note_on_c, 0, 72, 49
1, 190692, Note_on_c, 0, 67, 49
1, 190723, Note_on_c, 0, 64, 0
1, 190737, Note_on_c, 0, 67, 0
1, 190737, Note_on_c, 0, 48, 0
1, 190749, Note_on_c, 0, 72, 0
1, 190779, Note_on_c, 0, 47, 66
1, 190830, Note_on_c, 0, 47, 0
1, 190865, Note_on_c, 0, 48, 53
1, 190916, Note_on_c, 0, 48, 0
1, 190957, Note_on_c, 0, 47, 53
1, 191000, Note_on_c, 0, 47, 0
1, 191030, Note_on_c, 0, 72, 64
1, 191030, Note_on_c, 0, 79, 71
1, 191030, Note_on_c, 0, 48, 73
1, 191036, Note_on_c, 0, 76, 51
1, 191072, Note_on_c, 0, 48, 0
1, 191080, Note_on_c, 0, 79, 0
1, 191085, Note_on_c, 0, 72, 0
1, 191091, Note_on_c, 0, 76, 0
1, 191121, Note_on_c, 0, 47, 55
1, 191170, Note_on_c, 0, 47, 0
1, 191192, Note_on_c, 0, 48, 68
1, 191256, Note_on_c, 0, 48, 0
1, 191286, Note_on_c, 0, 47, 58
1, 191372, Note_on_c, 0, 47, 0
1, 191372, Note_on_c, 0, 76, 60
1, 191372, Note_on_c, 0, 72, 55
1, 191375, Note_on_c, 0, 48, 70
1, 191375, Note_on_c, 0, 79, 66
1, 191419, Note_on_c, 0, 76, 0
1, 191419, Note_on_c, 0, 72, 0
1, 191419, Note_on_c, 0, 79, 0
1, 191433, Note_on_c, 0, 48, 0
1, 191453, Note_on_c, 0, 50, 76
1, 191501, Note_on_c, 0, 50, 0
1, 191545, Note_on_c, 0, 52, 64
1, 191582, Note_on_c, 0, 52, 0
1, 191617, Note_on_c, 0, 48, 64
1, 191667, Note_on_c, 0, 48, 0
1, 191692, Note_on_c, 0, 53, 93
1, 191696, Note_on_c, 0, 72, 64
1, 191702, Note_on_c, 0, 81, 60
1, 191702, Note_on_c, 0, 79, 65
1, 191727, Note_on_c, 0, 53, 0
1, 191746, Note_on_c, 0, 81, 0
1, 191749, Note_on_c, 0, 72, 0
1, 191752, Note_on_c, 0, 79, 0
1, 191771, Note_on_c, 0, 52, 78
1, 191818, Note_on_c, 0, 52, 0
1, 191851, Note_on_c, 0, 53, 92
1, 191891, Note_on_c, 0, 53, 0
1, 191936, Note_on_c, 0, 52, 80
1, 191993, Note_on_c, 0, 52, 0
1, 192007, Note_on_c, 0, 81, 62
1, 192011, Note_on_c, 0, 72, 58
1, 192011, Note_on_c, 0, 77, 67
1, 192011, Note_on_c, 0, 53, 103
1, 192043, Note_on_c, 0, 53, 0
1, 192052, Note_on_c, 0, 81, 0
1, 192052, Note_on_c, 0, 77, 0
1, 192063, Note_on_c, 0, 72, 0
1, 192079, Note_on_c, 0, 55, 84
1, 192136, Note_on_c, 0, 55, 0
1, 192161, Note_on_c, 0, 57, 67
1, 192234, Note_on_c, 0, 57, 0
1, 192241, Note_on_c, 0, 59, 69
1, 192287, Note_on_c, 0, 59, 0
1, 192314, Note_on_c, 0, 60, 78
1, 192322, Note_on_c, 0, 79, 87
1, 192322, Note_on_c, 0, 72, 76
1, 192322, Note_on_c, 0, 77, 79
1, 192365, Note_on_c, 0, 72, 0
1, 192373, Note_on_c, 0, 60, 0
1, 192378, Note_on_c, 0, 79, 0
1, 192395, Note_on_c, 0, 59, 73
1, 192417, Note_on_c, 0, 77, 0
1, 192454, Note_on_c, 0, 59, 0
1, 192470, Note_on_c, 0, 60, 66
1, 192543, Note_on_c, 0, 60, 0
1, 192553, Note_on_c, 0, 59, 66
1, 192640, Note_on_c, 0, 79, 81
1, 192643, Note_on_c, 0, 59, 0
1, 192643, Note_on_c, 0, 76, 65
1, 192643, Note_on_c, 0, 72, 65
1, 192649, Note_on_c, 0, 60, 77
1, 192681, Note_on_c, 0, 79, 0
1, 192687, Note_on_c, 0, 76, 0
1, 192690, Note_on_c, 0, 72, 0
1, 192693, Note_on_c, 0, 60, 0
1, 192726, Note_on_c, 0, 62, 66
1, 192777, Note_on_c, 0, 62, 0
1, 192816, Note_on_c, 0, 64, 62
1, 192852, Note_on_c, 0, 64, 0
1, 192887, Note_on_c, 0, 60, 74
1, 192933, Note_on_c, 0, 60, 0
1, 192964, Note_on_c, 0, 69, 59
1, 192972, Note_on_c, 0, 77, 63
1, 192972, Note_on_c, 0, 76, 56
1, 192980, Note_on_c, 0, 62, 53
1, 193013, Note_on_c, 0, 77, 0
1, 193016, Note_on_c, 0, 69, 0
1, 193019, Note_on_c, 0, 76, 0
1, 193024, Note_on_c, 0, 62, 0
1, 193063, Note_on_c, 0, 61, 67
1, 193103, Note_on_c, 0, 61, 0
1, 193145, Note_on_c, 0, 62, 66
1, 193183, Note_on_c, 0, 62, 0
1, 193213, Note_on_c, 0, 60, 68
1, 193253, Note_on_c, 0, 60, 0
1, 193283, Note_on_c, 0, 77, 67
1, 193287, Note_on_c, 0, 74, 66
1, 193297, Note_on_c, 0, 59, 75
1, 193301, Note_on_c, 0, 67, 56
1, 193333, Note_on_c, 0, 74, 0
1, 193333, Note_on_c, 0, 59, 0
1, 193351, Note_on_c, 0, 67, 0
1, 193379, Note_on_c, 0, 77, 0
1, 193386, Note_on_c, 0, 57, 59
1, 193434, Note_on_c, 0, 57, 0
1, 193462, Note_on_c, 0, 59, 70
1, 193503, Note_on_c, 0, 59, 0
1, 193549, Note_on_c, 0, 55, 75
1, 193592, Note_on_c, 0, 55, 0
1, 193620, Note_on_c, 0, 76, 67
1, 193620, Note_on_c, 0, 60, 82
1, 193623, Note_on_c, 0, 67, 64
1, 193626, Note_on_c, 0, 74, 65
1, 193673, Note_on_c, 0, 74, 0
1, 193684, Note_on_c, 0, 67, 0
1, 193701, Note_on_c, 0, 60, 0
1, 193706, Note_on_c, 0, 76, 0
1, 193721, Note_on_c, 0, 59, 69
1, 193776, Note_on_c, 0, 59, 0
1, 193798, Note_on_c, 0, 60, 74
1, 193835, Note_on_c, 0, 60, 0
1, 193857, Note_on_c, 0, 59, 70
1, 193886, Note_on_c, 0, 59, 0
1, 193940, Note_on_c, 0, 57, 82
1, 193949, Note_on_c, 0, 69, 63
1, 193949, Note_on_c, 0, 76, 66
1, 193957, Note_on_c, 0, 72, 63
1, 193996, Note_on_c, 0, 57, 0
1, 194000, Note_on_c, 0, 76, 0
1, 194000, Note_on_c, 0, 72, 0
1, 194008, Note_on_c, 0, 69, 0
1, 194016, Note_on_c, 0, 56, 79
1, 194061, Note_on_c, 0, 56, 0
1, 194099, Note_on_c, 0, 57, 80
1, 194149, Note_on_c, 0, 57, 0
1, 194177, Note_on_c, 0, 55, 81
1, 194211, Note_on_c, 0, 55, 0
1, 194253, Note_on_c, 0, 53, 102
1, 194273, Note_on_c, 0, 65, 66
1, 194273, Note_on_c, 0, 74, 70
1, 194276, Note_on_c, 0, 69, 58
1, 194317, Note_on_c, 0, 74, 0
1, 194323, Note_on_c, 0, 53, 0
1, 194323, Note_on_c, 0, 69, 0
1, 194336, Note_on_c, 0, 65, 0
1, 194348, Note_on_c, 0, 52, 80
1, 194384, Note_on_c, 0, 52, 0
1, 194414, Note_on_c, 0, 53, 95
1, 194450, Note_on_c, 0, 53, 0
1, 194503, Note_on_c, 0, 50, 81
1, 194540, Note_on_c, 0, 50, 0
1, 194573, Note_on_c, 0, 55, 87
1, 194579, Note_on_c, 0, 71, 88
1, 194579, Note_on_c, 0, 62, 79
1, 194584, Note_on_c, 0, 65, 69
1, 194626, Note_on_c, 0, 62, 0
1, 194631, Note_on_c, 0, 55, 0
1, 194638, Note_on_c, 0, 65, 0
1, 194668, Note_on_c, 0, 54, 78
1, 194693, Note_on_c, 0, 71, 0
1, 194707, Note_on_c, 0, 54, 0
1, 194744, Note_on_c, 0, 55, 79
1, 194785, Note_on_c, 0, 55, 0
1, 194822, Note_on_c, 0, 43, 79
1, 194865, Note_on_c, 0, 43, 0
1, 194899, Note_on_c, 0, 72, 79
1, 194907, Note_on_c, 0, 64, 76
1, 194907, Note_on_c, 0, 67, 73
1, 194907, Note_on_c, 0, 48, 80
1, 194964, Note_on_c, 0, 48, 0
1, 194982, Note_on_c, 0, 43, 81
1, 195074, Note_on_c, 0, 40, 99
1, 195078, Note_on_c, 0, 43, 0
1, 195152, Note_on_c, 0, 43, 72
1, 195170, Note_on_c, 0, 40, 0
1, 195208, Note_on_c, 0, 43, 0
1, 195208, Note_on_c, 0, 67, 0
1, 195225, Note_on_c, 0, 64, 0
1, 195242, Note_on_c, 0, 36, 101
1, 195256, Note_on_c, 0, 72, 0
1, 195295, Control_c, 0, 64, 127
1, 195317, Note_on_c, 0, 36, 0
1, 195392, Control_c, 0, 64, 0
1, 195573, Note_on_c, 0, 48, 64
1, 195578, Note_on_c, 0, 72, 66
1, 195584, Note_on_c, 0, 67, 62
1, 195587, Note_on_c, 0, 64, 63
1, 195616, Note_on_c, 0, 48, 0
1, 195631, Note_on_c, 0, 64, 0
1, 195640, Note_on_c, 0, 67, 0
1, 195640, Note_on_c, 0, 72, 0
1, 195663, Note_on_c, 0, 47, 49
1, 195712, Note_on_c, 0, 47, 0
1, 195733, Note_on_c, 0, 48, 69
1, 195774, Note_on_c, 0, 48, 0
1, 195819, Note_on_c, 0, 47, 49
1, 195867, Note_on_c, 0, 47, 0
1, 195897, Note_on_c, 0, 48, 58
1, 195901, Note_on_c, 0, 72, 63
1, 195908, Note_on_c, 0, 67, 59
1, 195908, Note_on_c, 0, 64, 56
1, 195947, Note_on_c, 0, 48, 0
1, 195947, Note_on_c, 0, 64, 0
1, 195953, Note_on_c, 0, 67, 0
1, 195992, Note_on_c, 0, 47, 46
1, 196006, Note_on_c, 0, 72, 0
1, 196050, Note_on_c, 0, 47, 0
1, 196074, Note_on_c, 0, 48, 50
1, 196123, Note_on_c, 0, 48, 0
1, 196144, Note_on_c, 0, 47, 57
1, 196187, Note_on_c, 0, 47, 0
1, 196240, Note_on_c, 0, 72, 53
1, 196240, Note_on_c, 0, 79, 59
1, 196247, Note_on_c, 0, 48, 59
1, 196247, Note_on_c, 0, 76, 46
1, 196289, Note_on_c, 0, 48, 0
1, 196297, Note_on_c, 0, 79, 0
1, 196297, Note_on_c, 0, 72, 0
1, 196303, Note_on_c, 0, 76, 0
1, 196311, Note_on_c, 0, 47, 67
1, 196370, Note_on_c, 0, 47, 0
1, 196403, Note_on_c, 0, 48, 57
1, 196470, Note_on_c, 0, 48, 0
1, 196493, Note_on_c, 0, 47, 66
1, 196570, Note_on_c, 0, 79, 66
1, 196573, Note_on_c, 0, 72, 54
1, 196576, Note_on_c, 0, 47, 0
1, 196576, Note_on_c, 0, 76, 48
1, 196581, Note_on_c, 0, 48, 67
1, 196623, Note_on_c, 0, 48, 0
1, 196623, Note_on_c, 0, 79, 0
1, 196627, Note_on_c, 0, 72, 0
1, 196627, Note_on_c, 0, 76, 0
1, 196649, Note_on_c, 0, 50, 77
1, 196712, Note_on_c, 0, 50, 0
1, 196733, Note_on_c, 0, 52, 79
1, 196771, Note_on_c, 0, 52, 0
1, 196810, Note_on_c, 0, 48, 67
1, 196897, Note_on_c, 0, 48, 0
1, 196897, Note_on_c, 0, 53, 90
1, 196905, Note_on_c, 0, 72, 66
1, 196910, Note_on_c, 0, 79, 71
1, 196910, Note_on_c, 0, 81, 66
1, 196950, Note_on_c, 0, 53, 0
1, 196958, Note_on_c, 0, 81, 0
1, 196971, Note_on_c, 0, 79, 0
1, 196978, Note_on_c, 0, 52, 81
1, 196978, Note_on_c, 0, 72, 0
1, 197066, Note_on_c, 0, 53, 94
1, 197066, Note_on_c, 0, 52, 0
1, 197145, Note_on_c, 0, 53, 0
1, 197145, Note_on_c, 0, 52, 72
1, 197228, Note_on_c, 0, 81, 68
1, 197228, Note_on_c, 0, 53, 86
1, 197228, Note_on_c, 0, 72, 64
1, 197233, Note_on_c, 0, 77, 69
1, 197237, Note_on_c, 0, 52, 0
1, 197281, Note_on_c, 0, 81, 0
1, 197287, Note_on_c, 0, 77, 0
1, 197295, Note_on_c, 0, 72, 0
1, 197300, Note_on_c, 0, 53, 0
1, 197311, Note_on_c, 0, 55, 82
1, 197389, Note_on_c, 0, 57, 78
1, 197406, Note_on_c, 0, 55, 0
1, 197471, Note_on_c, 0, 59, 81
1, 197490, Note_on_c, 0, 57, 0
1, 197548, Note_on_c, 0, 60, 85
1, 197557, Note_on_c, 0, 79, 83
1, 197560, Note_on_c, 0, 72, 73
1, 197560, Note_on_c, 0, 59, 0
1, 197563, Note_on_c, 0, 77, 67
1, 197616, Note_on_c, 0, 72, 0
1, 197616, Note_on_c, 0, 59, 78
1, 197619, Note_on_c, 0, 60, 0
1, 197629, Note_on_c, 0, 79, 0
1, 197635, Note_on_c, 0, 77, 0
1, 197707, Note_on_c, 0, 60, 73
1, 197710, Note_on_c, 0, 59, 0
1, 197790, Note_on_c, 0, 59, 77
1, 197802, Note_on_c, 0, 60, 0
1, 197874, Note_on_c, 0, 79, 79
1, 197878, Note_on_c, 0, 72, 63
1, 197878, Note_on_c, 0, 76, 62
1, 197893, Note_on_c, 0, 60, 69
1, 197899, Note_on_c, 0, 59, 0
1, 197930, Note_on_c, 0, 79, 0
1, 197936, Note_on_c, 0, 76, 0
1, 197944, Note_on_c, 0, 72, 0
1, 197963, Note_on_c, 0, 62, 79
1, 197963, Note_on_c, 0, 60, 0
1, 198044, Note_on_c, 0, 62, 0
1, 198053, Note_on_c, 0, 64, 76
1, 198092, Note_on_c, 0, 64, 0
1, 198136, Note_on_c, 0, 60, 70
1, 198181, Note_on_c, 0, 60, 0
1, 198222, Note_on_c, 0, 62, 65
1, 198225, Note_on_c, 0, 69, 56
1, 198225, Note_on_c, 0, 77, 69
1, 198228, Note_on_c, 0, 76, 51
1, 198265, Note_on_c, 0, 62, 0
1, 198281, Note_on_c, 0, 77, 0
1, 198284, Note_on_c, 0, 76, 0
1, 198287, Note_on_c, 0, 69, 0
1, 198300, Note_on_c, 0, 61, 67
1, 198345, Note_on_c, 0, 61, 0
1, 198387, Note_on_c, 0, 62, 61
1, 198424, Note_on_c, 0, 62, 0
1, 198465, Note_on_c, 0, 60, 60
1, 198512, Note_on_c, 0, 60, 0
1, 198543, Note_on_c, 0, 77, 50
1, 198543, Note_on_c, 0, 67, 44
1, 198543, Note_on_c, 0, 59, 73
1, 198548, Note_on_c, 0, 74, 55
1, 198591, Note_on_c, 0, 59, 0
1, 198607, Note_on_c, 0, 74, 0
1, 198621, Note_on_c, 0, 77, 0
1, 198634, Note_on_c, 0, 57, 55
1, 198640, Note_on_c, 0, 67, 0
1, 198691, Note_on_c, 0, 57, 0
1, 198713, Note_on_c, 0, 59, 69
1, 198761, Note_on_c, 0, 59, 0
1, 198804, Note_on_c, 0, 55, 69
1, 198858, Note_on_c, 0, 55, 0
1, 198880, Note_on_c, 0, 60, 79
1, 198892, Note_on_c, 0, 67, 72
1, 198895, Note_on_c, 0, 76, 58
1, 198900, Note_on_c, 0, 74, 66
1, 198942, Note_on_c, 0, 60, 0
1, 198949, Note_on_c, 0, 67, 0
1, 198953, Note_on_c, 0, 76, 0
1, 198956, Note_on_c, 0, 74, 0
1, 198977, Note_on_c, 0, 59, 63
1, 199027, Note_on_c, 0, 59, 0
1, 199058, Note_on_c, 0, 60, 59
1, 199106, Note_on_c, 0, 60, 0
1, 199114, Note_on_c, 0, 59, 66
1, 199151, Note_on_c, 0, 59, 0
1, 199200, Note_on_c, 0, 69, 50
1, 199200, Note_on_c, 0, 76, 55
1, 199205, Note_on_c, 0, 72, 57
1, 199208, Note_on_c, 0, 57, 71
1, 199259, Note_on_c, 0, 72, 0
1, 199264, Note_on_c, 0, 76, 0
1, 199270, Note_on_c, 0, 57, 0
1, 199278, Note_on_c, 0, 69, 0
1, 199282, Note_on_c, 0, 56, 70
1, 199343, Note_on_c, 0, 56, 0
1, 199353, Note_on_c, 0, 57, 58
1, 199406, Note_on_c, 0, 57, 0
1, 199435, Note_on_c, 0, 55, 81
1, 199481, Note_on_c, 0, 55, 0
1, 199520, Note_on_c, 0, 53, 104
1, 199534, Note_on_c, 0, 69, 59
1, 199534, Note_on_c, 0, 65, 66
1, 199534, Note_on_c, 0, 74, 75
1, 199587, Note_on_c, 0, 53, 0
1, 199587, Note_on_c, 0, 69, 0
1, 199590, Note_on_c, 0, 74, 0
1, 199607, Note_on_c, 0, 52, 86
1, 199624, Note_on_c, 0, 65, 0
1, 199651, Note_on_c, 0, 52, 0
1, 199679, Note_on_c, 0, 53, 95
1, 199727, Note_on_c, 0, 53, 0
1, 199758, Note_on_c, 0, 50, 85
1, 199821, Note_on_c, 0, 50, 0
1, 199836, Note_on_c, 0, 71, 91
1, 199836, Note_on_c, 0, 55, 87
1, 199843, Note_on_c, 0, 62, 82
1, 199850, Note_on_c, 0, 65, 64
1, 199899, Note_on_c, 0, 62, 0
1, 199908, Note_on_c, 0, 65, 0
1, 199917, Note_on_c, 0, 55, 0
1, 199917, Note_on_c, 0, 54, 89
1, 199933, Note_on_c, 0, 71, 0
1, 199992, Note_on_c, 0, 54, 0
1, 199997, Note_on_c, 0, 55, 78
1, 200059, Note_on_c, 0, 55, 0
1, 200081, Note_on_c, 0, 43, 82
1, 200141, Note_on_c, 0, 43, 0
1, 200165, Note_on_c, 0, 72, 80
1, 200170, Note_on_c, 0, 48, 90
1, 200170, Note_on_c, 0, 67, 74
1, 200174, Note_on_c, 0, 64, 73
1, 200251, Note_on_c, 0, 48, 0
1, 200254, Note_on_c, 0, 43, 82
1, 200342, Note_on_c, 0, 40, 97
1, 200353, Note_on_c, 0, 43, 0
1, 200424, Note_on_c, 0, 43, 69
1, 200435, Note_on_c, 0, 40, 0
1, 200468, Note_on_c, 0, 67, 0
1, 200473, Note_on_c, 0, 43, 0
1, 200509, Note_on_c, 0, 36, 94
1, 200513, Note_on_c, 0, 72, 0
1, 200543, Note_on_c, 0, 64, 0
1, 200593, Control_c, 0, 64, 127
1, 200649, Note_on_c, 0, 36, 0
1, 200726, Control_c, 0, 64, 0
1, 200850, Note_on_c, 0, 55, 69
1, 200853, Note_on_c, 0, 52, 54
1, 200863, Note_on_c, 0, 43, 42
1, 200933, Note_on_c, 0, 55, 0
1, 200942, Note_on_c, 0, 54, 66
1, 200997, Note_on_c, 0, 55, 67
1, 201020, Note_on_c, 0, 54, 0
1, 201070, Note_on_c, 0, 52, 0
1, 201070, Note_on_c, 0, 43, 0
1, 201087, Note_on_c, 0, 54, 59
1, 201098, Note_on_c, 0, 55, 0
1, 201164, Note_on_c, 0, 55, 64
1, 201173, Note_on_c, 0, 52, 69
1, 201184, Note_on_c, 0, 54, 0
1, 201184, Note_on_c, 0, 43, 48
1, 201253, Note_on_c, 0, 54, 54
1, 201268, Note_on_c, 0, 55, 0
1, 201326, Note_on_c, 0, 55, 72
1, 201346, Note_on_c, 0, 54, 0
1, 201403, Note_on_c, 0, 54, 78
1, 201420, Note_on_c, 0, 43, 0
1, 201426, Note_on_c, 0, 55, 0
1, 201456, Note_on_c, 0, 52, 0
1, 201484, Note_on_c, 0, 54, 0
1, 201484, Note_on_c, 0, 53, 99
1, 201490, Note_on_c, 0, 43, 50
1, 201502, Note_on_c, 0, 50, 60
1, 201574, Note_on_c, 0, 54, 75
1, 201587, Note_on_c, 0, 53, 0
1, 201640, Note_on_c, 0, 55, 82
1, 201658, Note_on_c, 0, 54, 0
1, 201705, Note_on_c, 0, 43, 0
1, 201710, Note_on_c, 0, 50, 0
1, 201713, Note_on_c, 0, 54, 78
1, 201719, Note_on_c, 0, 55, 0
1, 201794, Note_on_c, 0, 54, 0
1, 201794, Note_on_c, 0, 53, 95
1, 201799, Note_on_c, 0, 55, 73
1, 201805, Note_on_c, 0, 50, 57
1, 201814, Note_on_c, 0, 43, 43
1, 201886, Note_on_c, 0, 55, 0
1, 201886, Note_on_c, 0, 57, 76
1, 201967, Note_on_c, 0, 59, 82
1, 201983, Note_on_c, 0, 57, 0
1, 202008, Note_on_c, 0, 53, 0
1, 202013, Note_on_c, 0, 43, 0
1, 202041, Note_on_c, 0, 59, 0
1, 202041, Note_on_c, 0, 55, 71
1, 202081, Note_on_c, 0, 50, 0
1, 202098, Note_on_c, 0, 55, 0
1, 202125, Note_on_c, 0, 52, 79
1, 202134, Note_on_c, 0, 60, 60
1, 202134, Note_on_c, 0, 48, 45
1, 202137, Note_on_c, 0, 43, 57
1, 202207, Note_on_c, 0, 59, 85
1, 202207, Note_on_c, 0, 60, 0
1, 202282, Note_on_c, 0, 60, 70
1, 202285, Note_on_c, 0, 59, 0
1, 202353, Note_on_c, 0, 52, 0
1, 202353, Note_on_c, 0, 43, 0
1, 202364, Note_on_c, 0, 48, 0
1, 202370, Note_on_c, 0, 62, 85
1, 202376, Note_on_c, 0, 60, 0
1, 202438, Note_on_c, 0, 52, 73
1, 202441, Note_on_c, 0, 62, 0
1, 202441, Note_on_c, 0, 43, 46
1, 202445, Note_on_c, 0, 48, 30
1, 202445, Note_on_c, 0, 64, 86
1, 202499, Note_on_c, 0, 64, 0
1, 202513, Note_on_c, 0, 62, 82
1, 202607, Note_on_c, 0, 64, 92
1, 202622, Note_on_c, 0, 62, 0
1, 202636, Note_on_c, 0, 52, 0
1, 202639, Note_on_c, 0, 43, 0
1, 202674, Note_on_c, 0, 66, 76
1, 202674, Note_on_c, 0, 48, 0
1, 202694, Note_on_c, 0, 64, 0
1, 202743, Note_on_c, 0, 50, 73
1, 202753, Note_on_c, 0, 43, 49
1, 202757, Note_on_c, 0, 67, 89
1, 202757, Note_on_c, 0, 47, 62
1, 202789, Note_on_c, 0, 66, 0
1, 202836, Note_on_c, 0, 66, 74
1, 202861, Note_on_c, 0, 67, 0
1, 202908, Note_on_c, 0, 67, 86
1, 202945, Note_on_c, 0, 66, 0
1, 202989, Note_on_c, 0, 43, 0
1, 202989, Note_on_c, 0, 66, 82
1, 202998, Note_on_c, 0, 50, 0
1, 203011, Note_on_c, 0, 47, 0
1, 203011, Note_on_c, 0, 67, 0
1, 203075, Note_on_c, 0, 67, 78
1, 203095, Note_on_c, 0, 50, 62
1, 203095, Note_on_c, 0, 47, 37
1, 203101, Note_on_c, 0, 43, 56
1, 203114, Note_on_c, 0, 66, 0
1, 203158, Note_on_c, 0, 66, 78
1, 203158, Note_on_c, 0, 67, 0
1, 203204, Note_on_c, 0, 50, 0
1, 203204, Note_on_c, 0, 47, 0
1, 203207, Note_on_c, 0, 43, 0
1, 203240, Note_on_c, 0, 67, 66
1, 203246, Note_on_c, 0, 66, 0
1, 203314, Note_on_c, 0, 66, 53
1, 203334, Note_on_c, 0, 67, 0
1, 203399, Note_on_c, 0, 67, 66
1, 203406, Note_on_c, 0, 66, 0
1, 203410, Note_on_c, 0, 55, 61
1, 203413, Note_on_c, 0, 43, 49
1, 203423, Note_on_c, 0, 52, 61
1, 203490, Note_on_c, 0, 67, 0
1, 203490, Note_on_c, 0, 66, 40
1, 203560, Note_on_c, 0, 67, 65
1, 203582, Note_on_c, 0, 66, 0
1, 203635, Note_on_c, 0, 43, 0
1, 203635, Control_c, 0, 64, 127
1, 203640, Note_on_c, 0, 52, 0
1, 203652, Note_on_c, 0, 66, 45
1, 203657, Note_on_c, 0, 67, 0
1, 203660, Note_on_c, 0, 55, 0
1, 203732, Note_on_c, 0, 67, 66
1, 203743, Note_on_c, 0, 55, 64
1, 203743, Note_on_c, 0, 66, 0
1, 203758, Note_on_c, 0, 43, 57
1, 203764, Note_on_c, 0, 52, 75
1, 203821, Note_on_c, 0, 66, 45
1, 203821, Note_on_c, 0, 67, 0
1, 203828, Control_c, 0, 64, 0
1, 203889, Note_on_c, 0, 67, 72
1, 203914, Note_on_c, 0, 66, 0
1, 203964, Note_on_c, 0, 52, 0
1, 203973, Note_on_c, 0, 66, 64
1, 203981, Note_on_c, 0, 43, 0
1, 203991, Note_on_c, 0, 55, 0
1, 203995, Note_on_c, 0, 67, 0
1, 204020, Control_c, 0, 64, 127
1, 204045, Note_on_c, 0, 67, 83
1, 204064, Note_on_c, 0, 53, 103
1, 204064, Note_on_c, 0, 66, 0
1, 204076, Note_on_c, 0, 43, 62
1, 204081, Note_on_c, 0, 50, 73
1, 204092, Control_c, 0, 64, 0
1, 204134, Note_on_c, 0, 66, 47
1, 204140, Note_on_c, 0, 67, 0
1, 204206, Note_on_c, 0, 67, 69
1, 204232, Note_on_c, 0, 66, 0
1, 204290, Note_on_c, 0, 66, 67
1, 204290, Note_on_c, 0, 43, 0
1, 204294, Note_on_c, 0, 53, 0
1, 204294, Control_c, 0, 64, 127
1, 204299, Note_on_c, 0, 50, 0
1, 204317, Note_on_c, 0, 67, 0
1, 204381, Control_c, 0, 64, 0
1, 204391, Note_on_c, 0, 67, 79
1, 204391, Note_on_c, 0, 53, 87
1, 204396, Note_on_c, 0, 50, 52
1, 204396, Note_on_c, 0, 66, 0
1, 204406, Note_on_c, 0, 43, 51
1, 204476, Note_on_c, 0, 69, 85
1, 204479, Note_on_c, 0, 67, 0
1, 204558, Note_on_c, 0, 71, 95
1, 204583, Note_on_c, 0, 69, 0
1, 204596, Control_c, 0, 64, 127
1, 204596, Note_on_c, 0, 43, 0
1, 204601, Note_on_c, 0, 53, 0
1, 204621, Note_on_c, 0, 67, 87
1, 204632, Note_on_c, 0, 50, 0
1, 204638, Note_on_c, 0, 71, 0
1, 204668, Control_c, 0, 64, 0
1, 204683, Note_on_c, 0, 67, 0
1, 204699, Note_on_c, 0, 52, 93
1, 204707, Note_on_c, 0, 48, 64
1, 204707, Note_on_c, 0, 43, 65
1, 204713, Note_on_c, 0, 72, 94
1, 204794, Note_on_c, 0, 71, 89
1, 204813, Note_on_c, 0, 72, 0
1, 204864, Note_on_c, 0, 72, 83
1, 204874, Note_on_c, 0, 71, 0
1, 204906, Note_on_c, 0, 43, 0
1, 204906, Control_c, 0, 64, 127
1, 204917, Note_on_c, 0, 52, 0
1, 204923, Note_on_c, 0, 48, 0
1, 204948, Note_on_c, 0, 72, 0
1, 204955, Note_on_c, 0, 74, 94
1, 204980, Control_c, 0, 64, 0
1, 205005, Note_on_c, 0, 74, 0
1, 205022, Note_on_c, 0, 52, 89
1, 205022, Note_on_c, 0, 48, 63
1, 205026, Note_on_c, 0, 43, 69
1, 205026, Note_on_c, 0, 76, 89
1, 205098, Note_on_c, 0, 76, 0
1, 205104, Note_on_c, 0, 74, 96
1, 205186, Note_on_c, 0, 76, 85
1, 205206, Note_on_c, 0, 74, 0
1, 205206, Control_c, 0, 64, 127
1, 205229, Note_on_c, 0, 52, 0
1, 205229, Note_on_c, 0, 43, 0
1, 205260, Note_on_c, 0, 78, 93
1, 205271, Note_on_c, 0, 48, 0
1, 205278, Control_c, 0, 64, 0
1, 205288, Note_on_c, 0, 76, 0
1, 205337, Note_on_c, 0, 50, 75
1, 205348, Note_on_c, 0, 43, 53
1, 205352, Note_on_c, 0, 47, 62
1, 205352, Note_on_c, 0, 79, 101
1, 205418, Note_on_c, 0, 78, 0
1, 205438, Note_on_c, 0, 81, 87
1, 205463, Note_on_c, 0, 79, 0
1, 205518, Note_on_c, 0, 77, 87
1, 205540, Note_on_c, 0, 81, 0
1, 205543, Note_on_c, 0, 50, 0
1, 205565, Note_on_c, 0, 47, 0
1, 205583, Note_on_c, 0, 43, 0
1, 205591, Note_on_c, 0, 79, 91
1, 205621, Note_on_c, 0, 77, 0
1, 205668, Note_on_c, 0, 76, 75
1, 205685, Note_on_c, 0, 79, 0
1, 205750, Note_on_c, 0, 77, 76
1, 205774, Note_on_c, 0, 76, 0
1, 205802, Note_on_c, 0, 77, 0
1, 205824, Note_on_c, 0, 74, 64
1, 205878, Note_on_c, 0, 74, 0
1, 205902, Note_on_c, 0, 76, 57
1, 205958, Note_on_c, 0, 76, 0
1, 205989, Note_on_c, 0, 48, 60
1, 205989, Note_on_c, 0, 72, 62
1, 206028, Note_on_c, 0, 48, 0
1, 206037, Note_on_c, 0, 72, 0
1, 206058, Note_on_c, 0, 47, 74
1, 206126, Note_on_c, 0, 47, 0
1, 206161, Note_on_c, 0, 48, 57
1, 206204, Note_on_c, 0, 48, 0
1, 206232, Note_on_c, 0, 47, 63
1, 206271, Note_on_c, 0, 47, 0
1, 206304, Note_on_c, 0, 72, 68
1, 206304, Note_on_c, 0, 64, 68
1, 206312, Note_on_c, 0, 67, 57
1, 206331, Note_on_c, 0, 48, 67
1, 206342, Note_on_c, 0, 64, 0
1, 206354, Note_on_c, 0, 67, 0
1, 206368, Note_on_c, 0, 48, 0
1, 206390, Note_on_c, 0, 72, 0
1, 206399, Note_on_c, 0, 47, 63
1, 206465, Note_on_c, 0, 47, 0
1, 206490, Note_on_c, 0, 48, 62
1, 206538, Note_on_c, 0, 48, 0
1, 206588, Note_on_c, 0, 47, 57
1, 206630, Note_on_c, 0, 47, 0
1, 206649, Note_on_c, 0, 72, 69
1, 206653, Note_on_c, 0, 79, 72
1, 206657, Note_on_c, 0, 48, 65
1, 206661, Note_on_c, 0, 76, 55
1, 206691, Note_on_c, 0, 72, 0
1, 206697, Note_on_c, 0, 79, 0
1, 206705, Note_on_c, 0, 76, 0
1, 206705, Note_on_c, 0, 48, 0
1, 206747, Note_on_c, 0, 47, 57
1, 206802, Note_on_c, 0, 47, 0
1, 206824, Note_on_c, 0, 48, 63
1, 206880, Note_on_c, 0, 48, 0
1, 206903, Note_on_c, 0, 47, 55
1, 206978, Note_on_c, 0, 47, 0
1, 206992, Note_on_c, 0, 72, 59
1, 206992, Note_on_c, 0, 76, 56
1, 207000, Note_on_c, 0, 48, 66
1, 207000, Note_on_c, 0, 79, 53
1, 207037, Note_on_c, 0, 72, 0
1, 207037, Note_on_c, 0, 48, 0
1, 207040, Note_on_c, 0, 76, 0
1, 207050, Note_on_c, 0, 79, 0
1, 207059, Note_on_c, 0, 50, 74
1, 207123, Note_on_c, 0, 50, 0
1, 207150, Note_on_c, 0, 52, 65
1, 207187, Note_on_c, 0, 52, 0
1, 207232, Note_on_c, 0, 48, 59
1, 207288, Note_on_c, 0, 48, 0
1, 207312, Note_on_c, 0, 53, 91
1, 207323, Note_on_c, 0, 72, 63
1, 207327, Note_on_c, 0, 81, 60
1, 207331, Note_on_c, 0, 79, 66
1, 207362, Note_on_c, 0, 53, 0
1, 207374, Note_on_c, 0, 72, 0
1, 207374, Note_on_c, 0, 81, 0
1, 207382, Note_on_c, 0, 79, 0
1, 207410, Note_on_c, 0, 52, 70
1, 207454, Note_on_c, 0, 52, 0
1, 207488, Note_on_c, 0, 53, 90
1, 207533, Note_on_c, 0, 53, 0
1, 207593, Note_on_c, 0, 52, 57
1, 207630, Note_on_c, 0, 52, 0
1, 207650, Note_on_c, 0, 53, 103
1, 207653, Note_on_c, 0, 81, 71
1, 207653, Note_on_c, 0, 77, 73
1, 207657, Note_on_c, 0, 72, 66
1, 207685, Note_on_c, 0, 53, 0
1, 207694, Note_on_c, 0, 81, 0
1, 207702, Note_on_c, 0, 77, 0
1, 207705, Note_on_c, 0, 72, 0
1, 207735, Note_on_c, 0, 55, 71
1, 207814, Note_on_c, 0, 57, 73
1, 207823, Note_on_c, 0, 55, 0
1, 207908, Note_on_c, 0, 59, 79
1, 207912, Note_on_c, 0, 57, 0
1, 207965, Note_on_c, 0, 59, 0
1, 207973, Note_on_c, 0, 72, 81
1, 207976, Note_on_c, 0, 79, 89
1, 207976, Note_on_c, 0, 77, 79
1, 207986, Note_on_c, 0, 60, 70
1, 208015, Note_on_c, 0, 72, 0
1, 208023, Note_on_c, 0, 79, 0
1, 208048, Note_on_c, 0, 77, 0
1, 208048, Note_on_c, 0, 60, 0
1, 208082, Note_on_c, 0, 59, 72
1, 208121, Note_on_c, 0, 59, 0
1, 208162, Note_on_c, 0, 60, 78
1, 208209, Note_on_c, 0, 60, 0
1, 208249, Note_on_c, 0, 59, 61
1, 208288, Note_on_c, 0, 59, 0
1, 208315, Note_on_c, 0, 79, 77
1, 208320, Note_on_c, 0, 72, 60
1, 208323, Note_on_c, 0, 60, 73
1, 208323, Note_on_c, 0, 76, 51
1, 208355, Note_on_c, 0, 79, 0
1, 208366, Note_on_c, 0, 76, 0
1, 208366, Note_on_c, 0, 72, 0
1, 208369, Note_on_c, 0, 60, 0
1, 208412, Note_on_c, 0, 62, 66
1, 208454, Note_on_c, 0, 62, 0
1, 208507, Note_on_c, 0, 64, 60
1, 208547, Note_on_c, 0, 64, 0
1, 208579, Note_on_c, 0, 60, 67
1, 208624, Note_on_c, 0, 60, 0
1, 208661, Note_on_c, 0, 62, 73
1, 208672, Note_on_c, 0, 69, 53
1, 208672, Note_on_c, 0, 77, 62
1, 208683, Note_on_c, 0, 76, 46
1, 208702, Note_on_c, 0, 62, 0
1, 208719, Note_on_c, 0, 77, 0
1, 208730, Note_on_c, 0, 69, 0
1, 208730, Note_on_c, 0, 76, 0
1, 208744, Note_on_c, 0, 61, 60
1, 208789, Note_on_c, 0, 61, 0
1, 208823, Note_on_c, 0, 62, 56
1, 208862, Note_on_c, 0, 62, 0
1, 208898, Note_on_c, 0, 60, 62
1, 208945, Note_on_c, 0, 60, 0
1, 208989, Note_on_c, 0, 59, 58
1, 209001, Note_on_c, 0, 67, 56
1, 209004, Note_on_c, 0, 77, 57
1, 209008, Note_on_c, 0, 74, 60
1, 209036, Note_on_c, 0, 59, 0
1, 209051, Note_on_c, 0, 74, 0
1, 209054, Note_on_c, 0, 77, 0
1, 209062, Note_on_c, 0, 67, 0
1, 209075, Note_on_c, 0, 57, 53
1, 209128, Note_on_c, 0, 57, 0
1, 209167, Note_on_c, 0, 59, 63
1, 209207, Note_on_c, 0, 59, 0
1, 209252, Note_on_c, 0, 55, 68
1, 209304, Note_on_c, 0, 55, 0
1, 209338, Note_on_c, 0, 60, 71
1, 209341, Note_on_c, 0, 76, 63
1, 209348, Note_on_c, 0, 67, 61
1, 209355, Note_on_c, 0, 74, 53
1, 209387, Note_on_c, 0, 60, 0
1, 209402, Note_on_c, 0, 67, 0
1, 209402, Note_on_c, 0, 74, 0
1, 209418, Note_on_c, 0, 76, 0
1, 209433, Note_on_c, 0, 59, 57
1, 209476, Note_on_c, 0, 59, 0
1, 209508, Note_on_c, 0, 60, 65
1, 209552, Note_on_c, 0, 60, 0
1, 209593, Note_on_c, 0, 59, 54
1, 209632, Note_on_c, 0, 59, 0
1, 209661, Note_on_c, 0, 72, 67
1, 209667, Note_on_c, 0, 76, 57
1, 209667, Note_on_c, 0, 69, 51
1, 209670, Note_on_c, 0, 57, 73
1, 209716, Note_on_c, 0, 76, 0
1, 209716, Note_on_c, 0, 57, 0
1, 209725, Note_on_c, 0, 69, 0
1, 209725, Note_on_c, 0, 72, 0
1, 209752, Note_on_c, 0, 56, 59
1, 209797, Note_on_c, 0, 56, 0
1, 209823, Note_on_c, 0, 57, 62
1, 209862, Note_on_c, 0, 57, 0
1, 209903, Note_on_c, 0, 55, 77
1, 209940, Note_on_c, 0, 55, 0
1, 209981, Note_on_c, 0, 53, 103
1, 209993, Note_on_c, 0, 74, 82
1, 209993, Note_on_c, 0, 69, 63
1, 209996, Note_on_c, 0, 65, 69
1, 210017, Note_on_c, 0, 53, 0
1, 210042, Note_on_c, 0, 74, 0
1, 210042, Note_on_c, 0, 69, 0
1, 210054, Note_on_c, 0, 65, 0
1, 210067, Note_on_c, 0, 52, 67
1, 210118, Note_on_c, 0, 52, 0
1, 210153, Note_on_c, 0, 53, 99
1, 210184, Note_on_c, 0, 53, 0
1, 210231, Note_on_c, 0, 50, 78
1, 210276, Note_on_c, 0, 50, 0
1, 210304, Note_on_c, 0, 55, 91
1, 210310, Note_on_c, 0, 71, 89
1, 210315, Note_on_c, 0, 62, 78
1, 210321, Note_on_c, 0, 65, 69
1, 210360, Note_on_c, 0, 62, 0
1, 210374, Note_on_c, 0, 65, 0
1, 210382, Note_on_c, 0, 55, 0
1, 210401, Note_on_c, 0, 54, 84
1, 210413, Note_on_c, 0, 71, 0
1, 210458, Note_on_c, 0, 54, 0
1, 210493, Note_on_c, 0, 55, 82
1, 210530, Note_on_c, 0, 55, 0
1, 210569, Note_on_c, 0, 43, 83
1, 210610, Note_on_c, 0, 43, 0
1, 210625, Note_on_c, 0, 72, 79
1, 210631, Note_on_c, 0, 67, 72
1, 210635, Note_on_c, 0, 64, 73
1, 210652, Note_on_c, 0, 48, 86
1, 210692, Note_on_c, 0, 48, 0
1, 210724, Note_on_c, 0, 43, 79
1, 210812, Note_on_c, 0, 43, 0
1, 210812, Note_on_c, 0, 40, 103
1, 210889, Note_on_c, 0, 43, 78
1, 210903, Note_on_c, 0, 40, 0
1, 210939, Note_on_c, 0, 67, 0
1, 210965, Note_on_c, 0, 72, 0
1, 210965, Note_on_c, 0, 43, 0
1, 210972, Note_on_c, 0, 64, 0
1, 211005, Note_on_c, 0, 36, 83
1, 211079, Control_c, 0, 64, 127
1, 211114, Note_on_c, 0, 36, 0
1, 211210, Control_c, 0, 64, 0
1, 211335, Note_on_c, 0, 52, 56
1, 211338, Note_on_c, 0, 55, 70
1, 211358, Note_on_c, 0, 43, 18
1, 211421, Note_on_c, 0, 55, 0
1, 211435, Note_on_c, 0, 54, 60
1, 211511, Note_on_c, 0, 55, 55
1, 211518, Note_on_c, 0, 54, 0
1, 211544, Note_on_c, 0, 52, 0
1, 211567, Note_on_c, 0, 43, 0
1, 211577, Note_on_c, 0, 55, 0
1, 211597, Note_on_c, 0, 54, 44
1, 211642, Control_c, 0, 64, 127
1, 211662, Note_on_c, 0, 54, 0
1, 211667, Control_c, 0, 64, 0
1, 211684, Note_on_c, 0, 55, 52
1, 211705, Note_on_c, 0, 43, 56
1, 211709, Note_on_c, 0, 52, 62
1, 211741, Note_on_c, 0, 55, 0
1, 211761, Note_on_c, 0, 54, 48
1, 211834, Note_on_c, 0, 54, 0
1, 211851, Note_on_c, 0, 55, 46
1, 211900, Note_on_c, 0, 52, 0
1, 211911, Note_on_c, 0, 43, 0
1, 211917, Note_on_c, 0, 54, 58
1, 211925, Note_on_c, 0, 55, 0
1, 211929, Control_c, 0, 64, 127
1, 211990, Control_c, 0, 64, 0
1, 212006, Note_on_c, 0, 54, 0
1, 212026, Note_on_c, 0, 43, 33
1, 212031, Note_on_c, 0, 53, 83
1, 212031, Note_on_c, 0, 50, 55
1, 212112, Note_on_c, 0, 53, 0
1, 212121, Note_on_c, 0, 54, 61
1, 212176, Note_on_c, 0, 54, 0
1, 212185, Note_on_c, 0, 55, 71
1, 212218, Control_c, 0, 64, 127
1, 212227, Note_on_c, 0, 43, 0
1, 212238, Note_on_c, 0, 50, 0
1, 212259, Note_on_c, 0, 54, 71
1, 212269, Note_on_c, 0, 55, 0
1, 212338, Control_c, 0, 64, 0
1, 212351, Note_on_c, 0, 54, 0
1, 212351, Note_on_c, 0, 53, 86
1, 212357, Note_on_c, 0, 55, 70
1, 212357, Note_on_c, 0, 43, 52
1, 212379, Note_on_c, 0, 50, 51
1, 212418, Note_on_c, 0, 55, 0
1, 212444, Note_on_c, 0, 57, 73
1, 212510, Note_on_c, 0, 57, 0
1, 212518, Note_on_c, 0, 59, 78
1, 212532, Note_on_c, 0, 43, 0
1, 212543, Note_on_c, 0, 53, 0
1, 212553, Control_c, 0, 64, 127
1, 212586, Note_on_c, 0, 50, 0
1, 212589, Note_on_c, 0, 59, 0
1, 212592, Note_on_c, 0, 55, 74
1, 212638, Control_c, 0, 64, 0
1, 212645, Note_on_c, 0, 55, 0
1, 212678, Note_on_c, 0, 60, 83
1, 212678, Note_on_c, 0, 52, 78
1, 212684, Note_on_c, 0, 48, 46
1, 212688, Note_on_c, 0, 43, 57
1, 212762, Note_on_c, 0, 59, 81
1, 212772, Note_on_c, 0, 60, 0
1, 212833, Note_on_c, 0, 60, 71
1, 212833, Note_on_c, 0, 59, 0
1, 212864, Control_c, 0, 64, 127
1, 212881, Note_on_c, 0, 43, 0
1, 212881, Note_on_c, 0, 52, 0
1, 212900, Note_on_c, 0, 48, 0
1, 212922, Note_on_c, 0, 60, 0
1, 212922, Note_on_c, 0, 62, 86
1, 212973, Control_c, 0, 64, 0
1, 212993, Note_on_c, 0, 62, 0
1, 213000, Note_on_c, 0, 64, 90
1, 213006, Note_on_c, 0, 43, 62
1, 213006, Note_on_c, 0, 52, 82
1, 213014, Note_on_c, 0, 48, 45
1, 213074, Note_on_c, 0, 62, 79
1, 213079, Note_on_c, 0, 64, 0
1, 213160, Note_on_c, 0, 64, 78
1, 213184, Note_on_c, 0, 43, 0
1, 213184, Note_on_c, 0, 52, 0
1, 213187, Note_on_c, 0, 62, 0
1, 213195, Control_c, 0, 64, 127
1, 213230, Note_on_c, 0, 48, 0
1, 213230, Note_on_c, 0, 66, 76
1, 213254, Note_on_c, 0, 64, 0
1, 213285, Control_c, 0, 64, 0
1, 213313, Note_on_c, 0, 43, 64
1, 213313, Note_on_c, 0, 50, 75
1, 213319, Note_on_c, 0, 47, 61
1, 213319, Note_on_c, 0, 67, 86
1, 213355, Note_on_c, 0, 66, 0
1, 213396, Note_on_c, 0, 66, 84
1, 213425, Note_on_c, 0, 67, 0
1, 213475, Note_on_c, 0, 67, 82
1, 213505, Note_on_c, 0, 66, 0
1, 213511, Control_c, 0, 64, 127
1, 213528, Note_on_c, 0, 50, 0
1, 213533, Note_on_c, 0, 43, 0
1, 213547, Note_on_c, 0, 47, 0
1, 213555, Note_on_c, 0, 66, 69
1, 213572, Note_on_c, 0, 67, 0
1, 213616, Control_c, 0, 64, 0
1, 213638, Note_on_c, 0, 67, 77
1, 213650, Note_on_c, 0, 50, 70
1, 213664, Note_on_c, 0, 66, 0
1, 213667, Note_on_c, 0, 43, 52
1, 213678, Note_on_c, 0, 47, 49
1, 213720, Note_on_c, 0, 66, 60
1, 213733, Note_on_c, 0, 67, 0
1, 213753, Note_on_c, 0, 47, 0
1, 213775, Note_on_c, 0, 50, 0
1, 213790, Note_on_c, 0, 43, 0
1, 213803, Note_on_c, 0, 67, 65
1, 213817, Note_on_c, 0, 66, 0
1, 213886, Note_on_c, 0, 66, 47
1, 213903, Note_on_c, 0, 67, 0
1, 213971, Note_on_c, 0, 67, 60
1, 213975, Note_on_c, 0, 55, 53
1, 213989, Note_on_c, 0, 66, 0
1, 214003, Note_on_c, 0, 43, 29
1, 214007, Note_on_c, 0, 52, 52
1, 214057, Note_on_c, 0, 67, 0
1, 214057, Note_on_c, 0, 66, 42
1, 214143, Note_on_c, 0, 67, 51
1, 214156, Note_on_c, 0, 66, 0
1, 214168, Note_on_c, 0, 43, 0
1, 214182, Control_c, 0, 64, 127
1, 214199, Note_on_c, 0, 52, 0
1, 214202, Note_on_c, 0, 55, 0
1, 214214, Note_on_c, 0, 67, 0
1, 214227, Note_on_c, 0, 66, 35
1, 214291, Control_c, 0, 64, 0
1, 214308, Note_on_c, 0, 66, 0
1, 214319, Note_on_c, 0, 67, 50
1, 214330, Note_on_c, 0, 55, 56
1, 214338, Note_on_c, 0, 43, 39
1, 214349, Note_on_c, 0, 52, 58
1, 214377, Note_on_c, 0, 67, 0
1, 214396, Note_on_c, 0, 66, 33
1, 214469, Note_on_c, 0, 66, 0
1, 214477, Note_on_c, 0, 67, 44
1, 214496, Note_on_c, 0, 43, 0
1, 214519, Note_on_c, 0, 52, 0
1, 214519, Control_c, 0, 64, 127
1, 214525, Note_on_c, 0, 55, 0
1, 214544, Note_on_c, 0, 67, 0
1, 214556, Note_on_c, 0, 66, 45
1, 214614, Control_c, 0, 64, 0
1, 214624, Note_on_c, 0, 66, 0
1, 214641, Note_on_c, 0, 67, 61
1, 214650, Note_on_c, 0, 53, 86
1, 214667, Note_on_c, 0, 43, 48
1, 214673, Note_on_c, 0, 50, 44
1, 214719, Note_on_c, 0, 67, 0
1, 214725, Note_on_c, 0, 66, 54
1, 214800, Note_on_c, 0, 67, 72
1, 214814, Note_on_c, 0, 66, 0
1, 214836, Note_on_c, 0, 53, 0
1, 214836, Note_on_c, 0, 43, 0
1, 214842, Control_c, 0, 64, 127
1, 214848, Note_on_c, 0, 50, 0
1, 214878, Note_on_c, 0, 66, 62
1, 214906, Note_on_c, 0, 67, 0
1, 214939, Control_c, 0, 64, 0
1, 214964, Note_on_c, 0, 66, 0
1, 214968, Note_on_c, 0, 67, 73
1, 214976, Note_on_c, 0, 53, 85
1, 214976, Note_on_c, 0, 50, 60
1, 214981, Note_on_c, 0, 43, 60
1, 215053, Note_on_c, 0, 69, 73
1, 215062, Note_on_c, 0, 67, 0
1, 215118, Note_on_c, 0, 69, 0
1, 215129, Note_on_c, 0, 71, 85
1, 215143, Note_on_c, 0, 53, 0
1, 215166, Control_c, 0, 64, 127
1, 215170, Note_on_c, 0, 43, 0
1, 215179, Note_on_c, 0, 50, 0
1, 215201, Note_on_c, 0, 71, 0
1, 215201, Note_on_c, 0, 67, 87
1, 215251, Control_c, 0, 64, 0
1, 215260, Note_on_c, 0, 67, 0
1, 215288, Note_on_c, 0, 72, 93
1, 215288, Note_on_c, 0, 52, 85
1, 215288, Note_on_c, 0, 43, 69
1, 215296, Note_on_c, 0, 48, 60
1, 215372, Note_on_c, 0, 71, 97
1, 215388, Note_on_c, 0, 72, 0
1, 215446, Note_on_c, 0, 71, 0
1, 215450, Note_on_c, 0, 72, 77
1, 215464, Control_c, 0, 64, 127
1, 215480, Note_on_c, 0, 43, 0
1, 215486, Note_on_c, 0, 52, 0
1, 215502, Note_on_c, 0, 48, 0
1, 215530, Note_on_c, 0, 72, 0
1, 215541, Note_on_c, 0, 74, 99
1, 215574, Control_c, 0, 64, 0
1, 215608, Note_on_c, 0, 74, 0
1, 215614, Note_on_c, 0, 52, 85
1, 215614, Note_on_c, 0, 76, 92
1, 215614, Note_on_c, 0, 48, 73
1, 215627, Note_on_c, 0, 43, 53
1, 215692, Note_on_c, 0, 74, 94
1, 215702, Note_on_c, 0, 76, 0
1, 215775, Note_on_c, 0, 76, 79
1, 215775, Control_c, 0, 64, 127
1, 215781, Note_on_c, 0, 74, 0
1, 215801, Note_on_c, 0, 43, 0
1, 215814, Note_on_c, 0, 52, 0
1, 215848, Note_on_c, 0, 48, 0
1, 215853, Note_on_c, 0, 78, 95
1, 215868, Note_on_c, 0, 76, 0
1, 215896, Control_c, 0, 64, 0
1, 215931, Note_on_c, 0, 43, 64
1, 215931, Note_on_c, 0, 50, 75
1, 215939, Note_on_c, 0, 47, 70
1, 215950, Note_on_c, 0, 79, 104
1, 216018, Note_on_c, 0, 78, 0
1, 216037, Note_on_c, 0, 81, 90
1, 216068, Note_on_c, 0, 79, 0
1, 216118, Note_on_c, 0, 77, 89
1, 216134, Note_on_c, 0, 81, 0
1, 216159, Note_on_c, 0, 50, 0
1, 216190, Note_on_c, 0, 43, 0
1, 216190, Note_on_c, 0, 47, 0
1, 216190, Note_on_c, 0, 79, 89
1, 216213, Note_on_c, 0, 77, 0
1, 216272, Note_on_c, 0, 76, 74
1, 216294, Note_on_c, 0, 79, 0
1, 216355, Note_on_c, 0, 77, 77
1, 216382, Note_on_c, 0, 76, 0
1, 216400, Note_on_c, 0, 77, 0
1, 216430, Note_on_c, 0, 74, 70
1, 216494, Note_on_c, 0, 74, 0
1, 216511, Note_on_c, 0, 76, 54
1, 216575, Note_on_c, 0, 76, 0
1, 216602, Note_on_c, 0, 72, 67
1, 216617, Note_on_c, 0, 48, 37
1, 216656, Note_on_c, 0, 72, 0
1, 216673, Note_on_c, 0, 48, 0
1, 216683, Note_on_c, 0, 47, 75
1, 216734, Note_on_c, 0, 47, 0
1, 216756, Note_on_c, 0, 48, 30
1, 216809, Note_on_c, 0, 48, 0
1, 216839, Note_on_c, 0, 47, 65
1, 216881, Note_on_c, 0, 47, 0
1, 216925, Note_on_c, 0, 72, 56
1, 216925, Note_on_c, 0, 64, 64
1, 216931, Note_on_c, 0, 48, 63
1, 216931, Note_on_c, 0, 67, 59
1, 216964, Note_on_c, 0, 64, 0
1, 216974, Note_on_c, 0, 67, 0
1, 216977, Note_on_c, 0, 48, 0
1, 217006, Note_on_c, 0, 47, 66
1, 217017, Note_on_c, 0, 72, 0
1, 217051, Note_on_c, 0, 47, 0
1, 217088, Note_on_c, 0, 48, 57
1, 217134, Note_on_c, 0, 48, 0
1, 217171, Note_on_c, 0, 47, 62
1, 217210, Note_on_c, 0, 47, 0
1, 217260, Note_on_c, 0, 48, 56
1, 217266, Note_on_c, 0, 72, 61
1, 217271, Note_on_c, 0, 79, 68
1, 217280, Note_on_c, 0, 76, 42
1, 217305, Note_on_c, 0, 48, 0
1, 217311, Note_on_c, 0, 72, 0
1, 217315, Note_on_c, 0, 79, 0
1, 217327, Note_on_c, 0, 76, 0
1, 217338, Note_on_c, 0, 47, 51
1, 217386, Note_on_c, 0, 47, 0
1, 217422, Note_on_c, 0, 48, 49
1, 217471, Note_on_c, 0, 48, 0
1, 217505, Note_on_c, 0, 47, 66
1, 217555, Note_on_c, 0, 47, 0
1, 217619, Note_on_c, 0, 72, 48
1, 217619, Note_on_c, 0, 76, 48
1, 217619, Note_on_c, 0, 48, 49
1, 217625, Note_on_c, 0, 79, 44
1, 217669, Note_on_c, 0, 48, 0
1, 217673, Note_on_c, 0, 72, 0
1, 217676, Note_on_c, 0, 76, 0
1, 217680, Note_on_c, 0, 79, 0
1, 217702, Note_on_c, 0, 50, 78
1, 217752, Note_on_c, 0, 50, 0
1, 217798, Note_on_c, 0, 52, 75
1, 217834, Note_on_c, 0, 52, 0
1, 217889, Note_on_c, 0, 48, 69
1, 217940, Note_on_c, 0, 48, 0
1, 217956, Note_on_c, 0, 72, 64
1, 217962, Note_on_c, 0, 81, 57
1, 217967, Note_on_c, 0, 79, 63
1, 217976, Note_on_c, 0, 53, 93
1, 218007, Note_on_c, 0, 81, 0
1, 218010, Note_on_c, 0, 72, 0
1, 218010, Note_on_c, 0, 53, 0
1, 218020, Note_on_c, 0, 79, 0
1, 218071, Note_on_c, 0, 52, 81
1, 218110, Note_on_c, 0, 52, 0
1, 218157, Note_on_c, 0, 53, 92
1, 218191, Note_on_c, 0, 53, 0
1, 218229, Note_on_c, 0, 52, 84
1, 218282, Note_on_c, 0, 52, 0
1, 218313, Note_on_c, 0, 81, 69
1, 218313, Note_on_c, 0, 53, 104
1, 218319, Note_on_c, 0, 72, 60
1, 218319, Note_on_c, 0, 77, 68
1, 218360, Note_on_c, 0, 53, 0
1, 218360, Note_on_c, 0, 81, 0
1, 218371, Note_on_c, 0, 77, 0
1, 218377, Note_on_c, 0, 72, 0
1, 218399, Note_on_c, 0, 55, 81
1, 218489, Note_on_c, 0, 57, 76
1, 218508, Note_on_c, 0, 55, 0
1, 218578, Note_on_c, 0, 57, 0
1, 218578, Note_on_c, 0, 59, 84
1, 218641, Note_on_c, 0, 72, 79
1, 218644, Note_on_c, 0, 59, 0
1, 218644, Note_on_c, 0, 79, 83
1, 218648, Note_on_c, 0, 77, 73
1, 218653, Note_on_c, 0, 60, 83
1, 218684, Note_on_c, 0, 72, 0
1, 218692, Note_on_c, 0, 79, 0
1, 218700, Note_on_c, 0, 77, 0
1, 218725, Note_on_c, 0, 60, 0
1, 218744, Note_on_c, 0, 59, 70
1, 218797, Note_on_c, 0, 59, 0
1, 218825, Note_on_c, 0, 60, 70
1, 218871, Note_on_c, 0, 60, 0
1, 218912, Note_on_c, 0, 59, 63
1, 218956, Note_on_c, 0, 59, 0
1, 218982, Note_on_c, 0, 76, 56
1, 218985, Note_on_c, 0, 79, 65
1, 218992, Note_on_c, 0, 60, 64
1, 218996, Note_on_c, 0, 72, 45
1, 219029, Note_on_c, 0, 79, 0
1, 219043, Note_on_c, 0, 60, 0
1, 219048, Note_on_c, 0, 72, 0
1, 219048, Note_on_c, 0, 76, 0
1, 219085, Note_on_c, 0, 62, 59
1, 219132, Note_on_c, 0, 62, 0
1, 219172, Note_on_c, 0, 64, 58
1, 219213, Note_on_c, 0, 64, 0
1, 219244, Note_on_c, 0, 60, 57
1, 219296, Note_on_c, 0, 60, 0
1, 219333, Note_on_c, 0, 62, 64
1, 219336, Note_on_c, 0, 77, 62
1, 219336, Note_on_c, 0, 69, 49
1, 219344, Note_on_c, 0, 76, 48
1, 219372, Note_on_c, 0, 62, 0
1, 219388, Note_on_c, 0, 77, 0
1, 219394, Note_on_c, 0, 76, 0
1, 219394, Note_on_c, 0, 69, 0
1, 219416, Note_on_c, 0, 61, 47
1, 219464, Note_on_c, 0, 61, 0
1, 219505, Note_on_c, 0, 62, 49
1, 219548, Note_on_c, 0, 62, 0
1, 219580, Note_on_c, 0, 60, 57
1, 219625, Note_on_c, 0, 60, 0
1, 219667, Note_on_c, 0, 67, 55
1, 219667, Note_on_c, 0, 77, 55
1, 219667, Note_on_c, 0, 74, 60
1, 219672, Note_on_c, 0, 59, 55
1, 219715, Note_on_c, 0, 77, 0
1, 219715, Note_on_c, 0, 59, 0
1, 219718, Note_on_c, 0, 74, 0
1, 219734, Note_on_c, 0, 67, 0
1, 219748, Note_on_c, 0, 57, 55
1, 219800, Note_on_c, 0, 57, 0
1, 219837, Note_on_c, 0, 59, 68
1, 219878, Note_on_c, 0, 59, 0
1, 219921, Note_on_c, 0, 55, 70
1, 219973, Note_on_c, 0, 55, 0
1, 219998, Note_on_c, 0, 60, 78
1, 220004, Note_on_c, 0, 76, 59
1, 220007, Note_on_c, 0, 67, 64
1, 220013, Note_on_c, 0, 74, 62
1, 220059, Note_on_c, 0, 74, 0
1, 220063, Note_on_c, 0, 67, 0
1, 220066, Note_on_c, 0, 76, 0
1, 220073, Note_on_c, 0, 60, 0
1, 220104, Note_on_c, 0, 59, 64
1, 220151, Note_on_c, 0, 59, 0
1, 220183, Note_on_c, 0, 60, 55
1, 220227, Note_on_c, 0, 60, 0
1, 220258, Note_on_c, 0, 59, 63
1, 220294, Note_on_c, 0, 59, 0
1, 220328, Note_on_c, 0, 57, 78
1, 220328, Note_on_c, 0, 72, 62
1, 220328, Note_on_c, 0, 69, 54
1, 220332, Note_on_c, 0, 76, 60
1, 220385, Note_on_c, 0, 72, 0
1, 220385, Note_on_c, 0, 57, 0
1, 220385, Note_on_c, 0, 76, 0
1, 220388, Note_on_c, 0, 69, 0
1, 220405, Note_on_c, 0, 56, 82
1, 220447, Note_on_c, 0, 56, 0
1, 220474, Note_on_c, 0, 57, 49
1, 220541, Note_on_c, 0, 57, 0
1, 220559, Note_on_c, 0, 55, 82
1, 220601, Note_on_c, 0, 55, 0
1, 220656, Note_on_c, 0, 53, 94
1, 220662, Note_on_c, 0, 69, 56
1, 220665, Note_on_c, 0, 74, 67
1, 220670, Note_on_c, 0, 65, 51
1, 220709, Note_on_c, 0, 53, 0
1, 220713, Note_on_c, 0, 74, 0
1, 220723, Note_on_c, 0, 69, 0
1, 220736, Note_on_c, 0, 65, 0
1, 220743, Note_on_c, 0, 52, 37
1, 220795, Note_on_c, 0, 52, 0
1, 220817, Note_on_c, 0, 53, 75
1, 220871, Note_on_c, 0, 53, 0
1, 220906, Note_on_c, 0, 50, 69
1, 220949, Note_on_c, 0, 50, 0
1, 220976, Note_on_c, 0, 55, 90
1, 220987, Note_on_c, 0, 71, 81
1, 220990, Note_on_c, 0, 62, 70
1, 220998, Note_on_c, 0, 65, 56
1, 221041, Note_on_c, 0, 55, 0
1, 221041, Note_on_c, 0, 62, 0
1, 221051, Note_on_c, 0, 65, 0
1, 221066, Note_on_c, 0, 54, 77
1, 221076, Note_on_c, 0, 71, 0
1, 221113, Note_on_c, 0, 54, 0
1, 221144, Note_on_c, 0, 55, 81
1, 221185, Note_on_c, 0, 55, 0
1, 221241, Note_on_c, 0, 43, 42
1, 221294, Note_on_c, 0, 43, 0
1, 221313, Note_on_c, 0, 72, 73
1, 221316, Note_on_c, 0, 64, 76
1, 221316, Note_on_c, 0, 48, 83
1, 221316, Note_on_c, 0, 67, 71
1, 221391, Note_on_c, 0, 48, 0
1, 221399, Note_on_c, 0, 43, 66
1, 221491, Note_on_c, 0, 40, 101
1, 221491, Note_on_c, 0, 43, 0
1, 221578, Note_on_c, 0, 43, 77
1, 221584, Note_on_c, 0, 40, 0
1, 221617, Note_on_c, 0, 67, 0
1, 221617, Note_on_c, 0, 64, 0
1, 221636, Note_on_c, 0, 72, 0
1, 221659, Note_on_c, 0, 36, 102
1, 221659, Note_on_c, 0, 43, 0
1, 221748, Note_on_c, 0, 36, 0
1, 221770, Control_c, 0, 64, 127
1, 222052, Note_on_c, 0, 43, 33
1, 222052, Note_on_c, 0, 55, 46
1, 222055, Note_on_c, 0, 52, 40
1, 222104, Note_on_c, 0, 55, 0
1, 222121, Note_on_c, 0, 54, 54
1, 222196, Note_on_c, 0, 54, 0
1, 222203, Note_on_c, 0, 55, 44
1, 222214, Note_on_c, 0, 52, 0
1, 222218, Note_on_c, 0, 43, 0
1, 222225, Control_c, 0, 64, 127
1, 222283, Note_on_c, 0, 54, 35
1, 222283, Note_on_c, 0, 55, 0
1, 222286, Control_c, 0, 64, 0
1, 222361, Note_on_c, 0, 54, 0
1, 222365, Note_on_c, 0, 55, 39
1, 222383, Note_on_c, 0, 52, 60
1, 222391, Note_on_c, 0, 43, 40
1, 222444, Note_on_c, 0, 55, 0
1, 222459, Note_on_c, 0, 54, 35
1, 222526, Note_on_c, 0, 54, 0
1, 222537, Note_on_c, 0, 55, 53
1, 222545, Note_on_c, 0, 43, 0
1, 222545, Note_on_c, 0, 52, 0
1, 222597, Control_c, 0, 64, 127
1, 222601, Note_on_c, 0, 55, 0
1, 222619, Note_on_c, 0, 54, 53
1, 222633, Control_c, 0, 64, 0
1, 222668, Note_on_c, 0, 54, 0
1, 222681, Note_on_c, 0, 53, 90
1, 222693, Note_on_c, 0, 43, 40
1, 222709, Note_on_c, 0, 50, 64
1, 222782, Note_on_c, 0, 54, 60
1, 222823, Note_on_c, 0, 54, 0
1, 222834, Note_on_c, 0, 55, 59
1, 222873, Note_on_c, 0, 50, 0
1, 222876, Note_on_c, 0, 53, 0
1, 222884, Note_on_c, 0, 43, 0
1, 222896, Note_on_c, 0, 55, 0
1, 222899, Note_on_c, 0, 54, 64
1, 222921, Control_c, 0, 64, 127
1, 222968, Control_c, 0, 64, 0
1, 222988, Note_on_c, 0, 54, 0
1, 223004, Note_on_c, 0, 53, 96
1, 223010, Note_on_c, 0, 50, 59
1, 223010, Note_on_c, 0, 55, 80
1, 223016, Note_on_c, 0, 43, 56
1, 223063, Note_on_c, 0, 55, 0
1, 223101, Note_on_c, 0, 57, 69
1, 223175, Note_on_c, 0, 57, 0
1, 223178, Note_on_c, 0, 59, 83
1, 223219, Note_on_c, 0, 53, 0
1, 223219, Note_on_c, 0, 43, 0
1, 223219, Control_c, 0, 64, 127
1, 223258, Note_on_c, 0, 55, 84
1, 223264, Note_on_c, 0, 50, 0
1, 223264, Note_on_c, 0, 59, 0
1, 223303, Control_c, 0, 64, 0
1, 223328, Note_on_c, 0, 55, 0
1, 223336, Note_on_c, 0, 52, 82
1, 223349, Note_on_c, 0, 60, 83
1, 223349, Note_on_c, 0, 43, 56
1, 223349, Note_on_c, 0, 48, 43
1, 223427, Note_on_c, 0, 59, 82
1, 223439, Note_on_c, 0, 60, 0
1, 223494, Note_on_c, 0, 60, 80
1, 223514, Note_on_c, 0, 59, 0
1, 223537, Note_on_c, 0, 52, 0
1, 223537, Note_on_c, 0, 43, 0
1, 223553, Note_on_c, 0, 48, 0
1, 223553, Control_c, 0, 64, 127
1, 223584, Note_on_c, 0, 62, 90
1, 223584, Note_on_c, 0, 60, 0
1, 223615, Control_c, 0, 64, 0
1, 223659, Note_on_c, 0, 52, 84
1, 223659, Note_on_c, 0, 64, 91
1, 223662, Note_on_c, 0, 48, 45
1, 223662, Note_on_c, 0, 43, 53
1, 223668, Note_on_c, 0, 62, 0
1, 223721, Note_on_c, 0, 62, 90
1, 223729, Note_on_c, 0, 64, 0
1, 223806, Note_on_c, 0, 64, 88
1, 223824, Note_on_c, 0, 62, 0
1, 223843, Control_c, 0, 64, 127
1, 223848, Note_on_c, 0, 43, 0
1, 223848, Note_on_c, 0, 52, 0
1, 223884, Note_on_c, 0, 66, 83
1, 223892, Note_on_c, 0, 48, 0
1, 223892, Note_on_c, 0, 64, 0
1, 223915, Control_c, 0, 64, 0
1, 223967, Note_on_c, 0, 50, 78
1, 223973, Note_on_c, 0, 43, 63
1, 223973, Note_on_c, 0, 67, 93
1, 223976, Note_on_c, 0, 47, 66
1, 224009, Note_on_c, 0, 66, 0
1, 224051, Note_on_c, 0, 66, 81
1, 224076, Note_on_c, 0, 67, 0
1, 224136, Note_on_c, 0, 67, 81
1, 224164, Note_on_c, 0, 66, 0
1, 224191, Control_c, 0, 64, 127
1, 224197, Note_on_c, 0, 43, 0
1, 224200, Note_on_c, 0, 50, 0
1, 224208, Note_on_c, 0, 47, 0
1, 224218, Note_on_c, 0, 66, 70
1, 224235, Note_on_c, 0, 67, 0
1, 224250, Control_c, 0, 64, 0
1, 224300, Note_on_c, 0, 67, 73
1, 224300, Note_on_c, 0, 50, 66
1, 224320, Note_on_c, 0, 66, 0
1, 224320, Note_on_c, 0, 43, 53
1, 224336, Note_on_c, 0, 47, 34
1, 224377, Note_on_c, 0, 66, 61
1, 224394, Note_on_c, 0, 67, 0
1, 224397, Note_on_c, 0, 43, 0
1, 224406, Note_on_c, 0, 47, 0
1, 224411, Note_on_c, 0, 50, 0
1, 224459, Note_on_c, 0, 67, 62
1, 224467, Note_on_c, 0, 66, 0
1, 224533, Note_on_c, 0, 67, 0
1, 224533, Note_on_c, 0, 66, 50
1, 224615, Note_on_c, 0, 55, 61
1, 224623, Note_on_c, 0, 52, 63
1, 224623, Note_on_c, 0, 43, 55
1, 224628, Note_on_c, 0, 66, 0
1, 224628, Note_on_c, 0, 67, 62
1, 224682, Note_on_c, 0, 67, 0
1, 224701, Note_on_c, 0, 66, 45
1, 224779, Control_c, 0, 64, 127
1, 224779, Note_on_c, 0, 43, 0
1, 224787, Note_on_c, 0, 66, 0
1, 224793, Note_on_c, 0, 52, 0
1, 224793, Note_on_c, 0, 67, 62
1, 224809, Note_on_c, 0, 55, 0
1, 224843, Note_on_c, 0, 67, 0
1, 224860, Note_on_c, 0, 66, 42
1, 224910, Control_c, 0, 64, 0
1, 224945, Note_on_c, 0, 66, 0
1, 224955, Note_on_c, 0, 67, 60
1, 224958, Note_on_c, 0, 55, 52
1, 224969, Note_on_c, 0, 43, 38
1, 224979, Note_on_c, 0, 52, 51
1, 225008, Note_on_c, 0, 67, 0
1, 225030, Note_on_c, 0, 66, 40
1, 225108, Note_on_c, 0, 66, 0
1, 225119, Note_on_c, 0, 67, 55
1, 225135, Note_on_c, 0, 52, 0
1, 225138, Control_c, 0, 64, 127
1, 225138, Note_on_c, 0, 43, 0
1, 225143, Note_on_c, 0, 55, 0
1, 225175, Note_on_c, 0, 67, 0
1, 225189, Note_on_c, 0, 66, 40
1, 225222, Control_c, 0, 64, 0
1, 225269, Note_on_c, 0, 66, 0
1, 225274, Note_on_c, 0, 43, 52
1, 225274, Note_on_c, 0, 53, 80
1, 225274, Note_on_c, 0, 67, 55
1, 225297, Note_on_c, 0, 50, 45
1, 225342, Note_on_c, 0, 67, 0
1, 225355, Note_on_c, 0, 66, 54
1, 225428, Note_on_c, 0, 67, 79
1, 225436, Note_on_c, 0, 66, 0
1, 225459, Note_on_c, 0, 43, 0
1, 225462, Note_on_c, 0, 53, 0
1, 225462, Control_c, 0, 64, 127
1, 225472, Note_on_c, 0, 50, 0
1, 225506, Note_on_c, 0, 66, 66
1, 225525, Note_on_c, 0, 67, 0
1, 225558, Control_c, 0, 64, 0
1, 225593, Note_on_c, 0, 67, 75
1, 225593, Note_on_c, 0, 66, 0
1, 225603, Note_on_c, 0, 53, 84
1, 225606, Note_on_c, 0, 50, 55
1, 225611, Note_on_c, 0, 43, 57
1, 225673, Note_on_c, 0, 69, 79
1, 225687, Note_on_c, 0, 67, 0
1, 225754, Note_on_c, 0, 71, 93
1, 225758, Note_on_c, 0, 69, 0
1, 225767, Note_on_c, 0, 53, 0
1, 225773, Note_on_c, 0, 43, 0
1, 225796, Control_c, 0, 64, 127
1, 225802, Note_on_c, 0, 50, 0
1, 225824, Note_on_c, 0, 67, 89
1, 225845, Note_on_c, 0, 71, 0
1, 225857, Control_c, 0, 64, 0
1, 225902, Note_on_c, 0, 52, 87
1, 225907, Note_on_c, 0, 67, 0
1, 225907, Note_on_c, 0, 43, 60
1, 225910, Note_on_c, 0, 48, 59
1, 225915, Note_on_c, 0, 72, 95
1, 225998, Note_on_c, 0, 71, 91
1, 226005, Note_on_c, 0, 72, 0
1, 226071, Note_on_c, 0, 72, 79
1, 226085, Note_on_c, 0, 71, 0
1, 226085, Control_c, 0, 64, 127
1, 226116, Note_on_c, 0, 43, 0
1, 226116, Note_on_c, 0, 52, 0
1, 226132, Note_on_c, 0, 48, 0
1, 226149, Note_on_c, 0, 72, 0
1, 226158, Note_on_c, 0, 74, 98
1, 226205, Control_c, 0, 64, 0
1, 226224, Note_on_c, 0, 74, 0
1, 226232, Note_on_c, 0, 76, 92
1, 226239, Note_on_c, 0, 52, 82
1, 226239, Note_on_c, 0, 43, 62
1, 226242, Note_on_c, 0, 48, 64
1, 226308, Note_on_c, 0, 74, 96
1, 226316, Note_on_c, 0, 76, 0
1, 226394, Note_on_c, 0, 76, 80
1, 226398, Note_on_c, 0, 52, 0
1, 226398, Note_on_c, 0, 74, 0
1, 226409, Note_on_c, 0, 43, 0
1, 226437, Note_on_c, 0, 48, 0
1, 226469, Note_on_c, 0, 78, 94
1, 226487, Note_on_c, 0, 76, 0
1, 226542, Note_on_c, 0, 50, 72
1, 226550, Note_on_c, 0, 43, 46
1, 226553, Note_on_c, 0, 47, 58
1, 226559, Note_on_c, 0, 79, 103
1, 226625, Note_on_c, 0, 78, 0
1, 226646, Note_on_c, 0, 81, 89
1, 226668, Note_on_c, 0, 79, 0
1, 226726, Note_on_c, 0, 77, 86
1, 226765, Note_on_c, 0, 81, 0
1, 226777, Note_on_c, 0, 50, 0
1, 226795, Note_on_c, 0, 43, 0
1, 226806, Note_on_c, 0, 47, 0
1, 226809, Note_on_c, 0, 79, 83
1, 226827, Note_on_c, 0, 77, 0
1, 226882, Note_on_c, 0, 76, 75
1, 226915, Note_on_c, 0, 79, 0
1, 226963, Note_on_c, 0, 76, 0
1, 226963, Note_on_c, 0, 77, 70
1, 227008, Note_on_c, 0, 77, 0
1, 227041, Note_on_c, 0, 74, 57
1, 227089, Note_on_c, 0, 74, 0
1, 227121, Note_on_c, 0, 76, 47
1, 227186, Note_on_c, 0, 76, 0
1, 227200, Note_on_c, 0, 48, 52
1, 227206, Note_on_c, 0, 72, 64
1, 227249, Note_on_c, 0, 48, 0
1, 227255, Note_on_c, 0, 72, 0
1, 227275, Note_on_c, 0, 47, 67
1, 227328, Note_on_c, 0, 47, 0
1, 227366, Note_on_c, 0, 48, 50
1, 227412, Note_on_c, 0, 48, 0
1, 227447, Note_on_c, 0, 47, 55
1, 227492, Note_on_c, 0, 47, 0
1, 227536, Note_on_c, 0, 48, 62
1, 227540, Note_on_c, 0, 72, 58
1, 227543, Note_on_c, 0, 64, 56
1, 227543, Note_on_c, 0, 67, 57
1, 227581, Note_on_c, 0, 48, 0
1, 227581, Note_on_c, 0, 64, 0
1, 227589, Note_on_c, 0, 67, 0
1, 227625, Note_on_c, 0, 47, 57
1, 227645, Note_on_c, 0, 72, 0
1, 227671, Note_on_c, 0, 47, 0
1, 227701, Note_on_c, 0, 48, 60
1, 227743, Note_on_c, 0, 48, 0
1, 227790, Note_on_c, 0, 47, 54
1, 227834, Note_on_c, 0, 47, 0
1, 227876, Note_on_c, 0, 48, 58
1, 227893, Note_on_c, 0, 79, 62
1, 227893, Note_on_c, 0, 72, 54
1, 227899, Note_on_c, 0, 76, 50
1, 227926, Note_on_c, 0, 48, 0
1, 227944, Note_on_c, 0, 79, 0
1, 227944, Note_on_c, 0, 72, 0
1, 227955, Note_on_c, 0, 76, 0
1, 227965, Note_on_c, 0, 47, 65
1, 228013, Note_on_c, 0, 47, 0
1, 228047, Note_on_c, 0, 48, 57
1, 228108, Note_on_c, 0, 48, 0
1, 228138, Note_on_c, 0, 47, 63
1, 228192, Note_on_c, 0, 47, 0
1, 228224, Note_on_c, 0, 72, 65
1, 228224, Note_on_c, 0, 48, 67
1, 228224, Note_on_c, 0, 79, 73
1, 228233, Note_on_c, 0, 76, 47
1, 228266, Note_on_c, 0, 48, 0
1, 228272, Note_on_c, 0, 79, 0
1, 228272, Note_on_c, 0, 72, 0
1, 228280, Note_on_c, 0, 76, 0
1, 228303, Note_on_c, 0, 50, 72
1, 228364, Note_on_c, 0, 50, 0
1, 228378, Note_on_c, 0, 52, 75
1, 228420, Note_on_c, 0, 52, 0
1, 228472, Note_on_c, 0, 48, 64
1, 228534, Note_on_c, 0, 48, 0
1, 228557, Note_on_c, 0, 72, 67
1, 228557, Note_on_c, 0, 81, 66
1, 228564, Note_on_c, 0, 53, 89
1, 228564, Note_on_c, 0, 79, 70
1, 228607, Note_on_c, 0, 72, 0
1, 228607, Note_on_c, 0, 53, 0
1, 228610, Note_on_c, 0, 81, 0
1, 228614, Note_on_c, 0, 79, 0
1, 228645, Note_on_c, 0, 52, 75
1, 228706, Note_on_c, 0, 52, 0
1, 228735, Note_on_c, 0, 53, 91
1, 228776, Note_on_c, 0, 53, 0
1, 228824, Note_on_c, 0, 52, 67
1, 228859, Note_on_c, 0, 52, 0
1, 228887, Note_on_c, 0, 81, 78
1, 228893, Note_on_c, 0, 72, 71
1, 228893, Note_on_c, 0, 53, 104
1, 228902, Note_on_c, 0, 77, 57
1, 228930, Note_on_c, 0, 53, 0
1, 228943, Note_on_c, 0, 81, 0
1, 228943, Note_on_c, 0, 77, 0
1, 228943, Note_on_c, 0, 72, 0
1, 228976, Note_on_c, 0, 55, 83
1, 229064, Note_on_c, 0, 57, 78
1, 229091, Note_on_c, 0, 55, 0
1, 229163, Note_on_c, 0, 59, 75
1, 229171, Note_on_c, 0, 57, 0
1, 229228, Note_on_c, 0, 72, 79
1, 229228, Note_on_c, 0, 79, 89
1, 229231, Note_on_c, 0, 77, 77
1, 229241, Note_on_c, 0, 60, 72
1, 229249, Note_on_c, 0, 59, 0
1, 229283, Note_on_c, 0, 72, 0
1, 229319, Note_on_c, 0, 79, 0
1, 229323, Note_on_c, 0, 60, 0
1, 229330, Note_on_c, 0, 59, 62
1, 229334, Note_on_c, 0, 77, 0
1, 229415, Note_on_c, 0, 59, 0
1, 229419, Note_on_c, 0, 60, 69
1, 229487, Note_on_c, 0, 60, 0
1, 229503, Note_on_c, 0, 59, 50
1, 229554, Note_on_c, 0, 59, 0
1, 229582, Note_on_c, 0, 60, 64
1, 229582, Note_on_c, 0, 76, 61
1, 229590, Note_on_c, 0, 79, 66
1, 229593, Note_on_c, 0, 72, 53
1, 229635, Note_on_c, 0, 60, 0
1, 229635, Note_on_c, 0, 79, 0
1, 229645, Note_on_c, 0, 72, 0
1, 229645, Note_on_c, 0, 76, 0
1, 229667, Note_on_c, 0, 62, 57
1, 229715, Note_on_c, 0, 62, 0
1, 229751, Note_on_c, 0, 64, 59
1, 229805, Note_on_c, 0, 64, 0
1, 229846, Note_on_c, 0, 60, 55
1, 229894, Note_on_c, 0, 60, 0
1, 229921, Note_on_c, 0, 69, 62
1, 229921, Note_on_c, 0, 77, 73
1, 229921, Note_on_c, 0, 62, 68
1, 229926, Note_on_c, 0, 76, 62
1, 229966, Note_on_c, 0, 62, 0
1, 229982, Note_on_c, 0, 69, 0
1, 229985, Note_on_c, 0, 77, 0
1, 229985, Note_on_c, 0, 76, 0
1, 229999, Note_on_c, 0, 61, 65
1, 230066, Note_on_c, 0, 61, 0
1, 230088, Note_on_c, 0, 62, 70
1, 230130, Note_on_c, 0, 62, 0
1, 230175, Note_on_c, 0, 60, 60
1, 230222, Note_on_c, 0, 60, 0
1, 230261, Note_on_c, 0, 59, 71
1, 230261, Note_on_c, 0, 74, 69
1, 230264, Note_on_c, 0, 77, 65
1, 230264, Note_on_c, 0, 67, 55
1, 230306, Note_on_c, 0, 59, 0
1, 230331, Note_on_c, 0, 67, 0
1, 230336, Note_on_c, 0, 77, 0
1, 230336, Note_on_c, 0, 74, 0
1, 230348, Note_on_c, 0, 57, 60
1, 230403, Note_on_c, 0, 57, 0
1, 230434, Note_on_c, 0, 59, 69
1, 230481, Note_on_c, 0, 59, 0
1, 230525, Note_on_c, 0, 55, 70
1, 230570, Note_on_c, 0, 55, 0
1, 230601, Note_on_c, 0, 60, 80
1, 230607, Note_on_c, 0, 76, 68
1, 230607, Note_on_c, 0, 67, 73
1, 230610, Note_on_c, 0, 74, 72
1, 230667, Note_on_c, 0, 67, 0
1, 230679, Note_on_c, 0, 60, 0
1, 230699, Note_on_c, 0, 59, 66
1, 230704, Note_on_c, 0, 74, 0
1, 230712, Note_on_c, 0, 76, 0
1, 230760, Note_on_c, 0, 59, 0
1, 230784, Note_on_c, 0, 60, 62
1, 230829, Note_on_c, 0, 60, 0
1, 230843, Note_on_c, 0, 59, 69
1, 230882, Note_on_c, 0, 59, 0
1, 230926, Note_on_c, 0, 72, 69
1, 230926, Note_on_c, 0, 69, 57
1, 230929, Note_on_c, 0, 76, 65
1, 230933, Note_on_c, 0, 57, 81
1, 230999, Note_on_c, 0, 72, 0
1, 230999, Note_on_c, 0, 69, 0
1, 230999, Note_on_c, 0, 57, 0
1, 230999, Note_on_c, 0, 76, 0
1, 230999, Note_on_c, 0, 56, 80
1, 231080, Note_on_c, 0, 56, 0
1, 231080, Note_on_c, 0, 57, 66
1, 231139, Note_on_c, 0, 57, 0
1, 231161, Note_on_c, 0, 55, 87
1, 231200, Note_on_c, 0, 55, 0
1, 231245, Note_on_c, 0, 53, 102
1, 231253, Note_on_c, 0, 69, 67
1, 231256, Note_on_c, 0, 65, 68
1, 231256, Note_on_c, 0, 74, 79
1, 231311, Note_on_c, 0, 53, 0
1, 231330, Note_on_c, 0, 69, 0
1, 231334, Note_on_c, 0, 52, 81
1, 231340, Note_on_c, 0, 74, 0
1, 231364, Note_on_c, 0, 65, 0
1, 231414, Note_on_c, 0, 52, 0
1, 231414, Note_on_c, 0, 53, 100
1, 231472, Note_on_c, 0, 53, 0
1, 231503, Note_on_c, 0, 50, 88
1, 231550, Note_on_c, 0, 50, 0
1, 231579, Note_on_c, 0, 55, 92
1, 231582, Note_on_c, 0, 71, 88
1, 231585, Note_on_c, 0, 62, 76
1, 231590, Note_on_c, 0, 65, 66
1, 231651, Note_on_c, 0, 62, 0
1, 231663, Note_on_c, 0, 54, 87
1, 231663, Note_on_c, 0, 55, 0
1, 231693, Note_on_c, 0, 71, 0
1, 231693, Note_on_c, 0, 65, 0
1, 231748, Note_on_c, 0, 54, 0
1, 231755, Note_on_c, 0, 55, 76
1, 231812, Note_on_c, 0, 55, 0
1, 231854, Note_on_c, 0, 43, 50
1, 231899, Note_on_c, 0, 43, 0
1, 231917, Note_on_c, 0, 72, 76
1, 231924, Note_on_c, 0, 67, 66
1, 231924, Note_on_c, 0, 64, 72
1, 231935, Note_on_c, 0, 48, 86
1, 232003, Note_on_c, 0, 48, 0
1, 232022, Note_on_c, 0, 43, 84
1, 232110, Note_on_c, 0, 40, 102
1, 232114, Note_on_c, 0, 43, 0
1, 232191, Note_on_c, 0, 43, 80
1, 232200, Note_on_c, 0, 40, 0
1, 232253, Note_on_c, 0, 64, 0
1, 232259, Note_on_c, 0, 67, 0
1, 232262, Note_on_c, 0, 72, 0
1, 232267, Note_on_c, 0, 43, 0
1, 232284, Note_on_c, 0, 36, 99
1, 232532, Control_c, 0, 64, 127
1, 232584, Note_on_c, 0, 36, 0
1, 232617, Control_c, 0, 64, 0
1, 233512, Note_on_c, 0, 60, 58
1, 233515, Note_on_c, 0, 48, 25
1, 233532, Note_on_c, 0, 36, 30
1, 233720, Note_on_c, 0, 62, 57
1, 233741, Control_c, 0, 64, 127
1, 233745, Note_on_c, 0, 60, 0
1, 233782, Note_on_c, 0, 62, 0
1, 233790, Note_on_c, 0, 64, 72
1, 233790, Control_c, 0, 64, 0
1, 233827, Note_on_c, 0, 64, 0
1, 233865, Note_on_c, 0, 65, 66
1, 233907, Note_on_c, 0, 65, 0
1, 233911, Note_on_c, 0, 36, 0
1, 233933, Note_on_c, 0, 67, 74
1, 233983, Note_on_c, 0, 67, 0
1, 233994, Note_on_c, 0, 69, 62
1, 234065, Note_on_c, 0, 69, 0
1, 234065, Note_on_c, 0, 71, 78
1, 234102, Note_on_c, 0, 71, 0
1, 234102, Note_on_c, 0, 48, 0
1, 234117, Note_on_c, 0, 52, 62
1, 234131, Note_on_c, 0, 72, 74
1, 234178, Note_on_c, 0, 72, 0
1, 234202, Note_on_c, 0, 74, 84
1, 234265, Note_on_c, 0, 74, 0
1, 234275, Note_on_c, 0, 76, 82
1, 234315, Note_on_c, 0, 76, 0
1, 234361, Note_on_c, 0, 77, 77
1, 234403, Note_on_c, 0, 77, 0
1, 234425, Note_on_c, 0, 48, 44
1, 234431, Note_on_c, 0, 79, 95
1, 234431, Note_on_c, 0, 52, 0
1, 234501, Note_on_c, 0, 81, 86
1, 234532, Note_on_c, 0, 79, 0
1, 234581, Note_on_c, 0, 83, 109
1, 234646, Note_on_c, 0, 81, 0
1, 234657, Note_on_c, 0, 84, 102
1, 234677, Note_on_c, 0, 83, 0
1, 234709, Note_on_c, 0, 48, 0
1, 234748, Note_on_c, 0, 83, 100
1, 234765, Note_on_c, 0, 53, 63
1, 234788, Note_on_c, 0, 84, 0
1, 234835, Note_on_c, 0, 81, 93
1, 234861, Note_on_c, 0, 83, 0
1, 234911, Note_on_c, 0, 80, 89
1, 234924, Note_on_c, 0, 81, 0
1, 234983, Note_on_c, 0, 81, 78
1, 234989, Note_on_c, 0, 80, 0
1, 235060, Note_on_c, 0, 48, 28
1, 235070, Note_on_c, 0, 81, 0
1, 235073, Note_on_c, 0, 86, 100
1, 235113, Note_on_c, 0, 53, 0
1, 235158, Note_on_c, 0, 84, 93
1, 235184, Note_on_c, 0, 86, 0
1, 235236, Note_on_c, 0, 83, 107
1, 235258, Note_on_c, 0, 84, 0
1, 235303, Note_on_c, 0, 81, 85
1, 235317, Note_on_c, 0, 83, 0
1, 235336, Note_on_c, 0, 81, 0
1, 235387, Note_on_c, 0, 81, 80
1, 235395, Note_on_c, 0, 52, 49
1, 235395, Note_on_c, 0, 48, 0
1, 235465, Note_on_c, 0, 79, 89
1, 235481, Note_on_c, 0, 81, 0
1, 235542, Note_on_c, 0, 79, 0
1, 235542, Note_on_c, 0, 78, 69
1, 235559, Note_on_c, 0, 52, 0
1, 235601, Note_on_c, 0, 79, 84
1, 235640, Note_on_c, 0, 79, 0
1, 235651, Note_on_c, 0, 78, 0
1, 235676, Note_on_c, 0, 60, 98
1, 235680, Note_on_c, 0, 48, 89
1, 235765, Note_on_c, 0, 79, 93
1, 235804, Control_c, 0, 64, 127
1, 235854, Note_on_c, 0, 79, 0
1, 235858, Note_on_c, 0, 88, 83
1, 235907, Note_on_c, 0, 60, 0
1, 235939, Note_on_c, 0, 79, 85
1, 235946, Note_on_c, 0, 48, 0
1, 235991, Note_on_c, 0, 88, 0
1, 236028, Note_on_c, 0, 57, 93
1, 236031, Note_on_c, 0, 45, 94
1, 236036, Note_on_c, 0, 79, 0
1, 236103, Control_c, 0, 64, 0
1, 236114, Note_on_c, 0, 77, 86
1, 236203, Note_on_c, 0, 88, 90
1, 236228, Note_on_c, 0, 77, 0
1, 236295, Control_c, 0, 64, 127
1, 236306, Note_on_c, 0, 57, 0
1, 236306, Note_on_c, 0, 45, 0
1, 236306, Note_on_c, 0, 77, 74
1, 236351, Note_on_c, 0, 88, 0
1, 236376, Note_on_c, 0, 59, 90
1, 236376, Note_on_c, 0, 47, 87
1, 236387, Note_on_c, 0, 77, 0
1, 236439, Control_c, 0, 64, 0
1, 236470, Note_on_c, 0, 77, 71
1, 236554, Note_on_c, 0, 86, 91
1, 236563, Note_on_c, 0, 77, 0
1, 236595, Control_c, 0, 64, 127
1, 236630, Note_on_c, 0, 59, 0
1, 236637, Note_on_c, 0, 77, 73
1, 236649, Note_on_c, 0, 47, 0
1, 236705, Note_on_c, 0, 86, 0
1, 236718, Note_on_c, 0, 56, 85
1, 236718, Note_on_c, 0, 77, 0
1, 236722, Note_on_c, 0, 44, 84
1, 236810, Control_c, 0, 64, 0
1, 236810, Note_on_c, 0, 76, 79
1, 236897, Note_on_c, 0, 86, 86
1, 236907, Note_on_c, 0, 76, 0
1, 236977, Note_on_c, 0, 76, 56
1, 237011, Note_on_c, 0, 86, 0
1, 237014, Control_c, 0, 64, 127
1, 237031, Note_on_c, 0, 44, 0
1, 237039, Note_on_c, 0, 56, 0
1, 237059, Note_on_c, 0, 76, 0
1, 237059, Note_on_c, 0, 57, 86
1, 237063, Note_on_c, 0, 45, 87
1, 237098, Control_c, 0, 64, 0
1, 237153, Note_on_c, 0, 76, 68
1, 237239, Note_on_c, 0, 76, 0
1, 237239, Note_on_c, 0, 84, 94
1, 237290, Note_on_c, 0, 57, 0
1, 237290, Control_c, 0, 64, 127
1, 237317, Note_on_c, 0, 76, 61
1, 237322, Note_on_c, 0, 45, 0
1, 237354, Note_on_c, 0, 84, 0
1, 237396, Note_on_c, 0, 53, 114
1, 237400, Note_on_c, 0, 41, 97
1, 237403, Note_on_c, 0, 76, 0
1, 237409, Control_c, 0, 64, 0
1, 237482, Note_on_c, 0, 74, 88
1, 237574, Note_on_c, 0, 84, 92
1, 237584, Note_on_c, 0, 74, 0
1, 237626, Control_c, 0, 64, 127
1, 237644, Note_on_c, 0, 74, 76
1, 237648, Note_on_c, 0, 41, 0
1, 237654, Note_on_c, 0, 53, 0
1, 237677, Note_on_c, 0, 84, 0
1, 237710, Control_c, 0, 64, 0
1, 237732, Note_on_c, 0, 74, 0
1, 237732, Note_on_c, 0, 55, 96
1, 237732, Note_on_c, 0, 43, 87
1, 237825, Note_on_c, 0, 74, 77
1, 237882, Note_on_c, 0, 55, 0
1, 237913, Note_on_c, 0, 43, 0
1, 237913, Note_on_c, 0, 83, 106
1, 237913, Note_on_c, 0, 74, 0
1, 237913, Control_c, 0, 64, 127
1, 237981, Note_on_c, 0, 74, 70
1, 238030, Note_on_c, 0, 74, 0
1, 238044, Note_on_c, 0, 83, 0
1, 238056, Control_c, 0, 64, 0
1, 238098, Note_on_c, 0, 84, 103
1, 238098, Note_on_c, 0, 76, 81
1, 238102, Note_on_c, 0, 79, 90
1, 238105, Note_on_c, 0, 48, 67
1, 238105, Note_on_c, 0, 36, 69
1, 238368, Note_on_c, 0, 36, 0
1, 238381, Note_on_c, 0, 84, 0
1, 238381, Note_on_c, 0, 48, 0
1, 238381, Control_c, 0, 64, 127
1, 238415, Note_on_c, 0, 79, 0
1, 238421, Note_on_c, 0, 76, 0
1, 238524, Control_c, 0, 64, 0
1, 238766, Note_on_c, 0, 48, 52
1, 238766, Note_on_c, 0, 60, 79
1, 238774, Note_on_c, 0, 36, 46
1, 238963, Note_on_c, 0, 62, 69
1, 238991, Note_on_c, 0, 60, 0
1, 239042, Note_on_c, 0, 64, 80
1, 239066, Note_on_c, 0, 62, 0
1, 239092, Note_on_c, 0, 64, 0
1, 239131, Note_on_c, 0, 65, 73
1, 239181, Note_on_c, 0, 65, 0
1, 239186, Note_on_c, 0, 36, 0
1, 239212, Note_on_c, 0, 67, 64
1, 239278, Note_on_c, 0, 67, 0
1, 239281, Note_on_c, 0, 69, 60
1, 239360, Note_on_c, 0, 71, 85
1, 239379, Note_on_c, 0, 69, 0
1, 239406, Note_on_c, 0, 71, 0
1, 239449, Note_on_c, 0, 48, 0
1, 239456, Note_on_c, 0, 52, 64
1, 239460, Note_on_c, 0, 72, 62
1, 239540, Note_on_c, 0, 74, 68
1, 239557, Note_on_c, 0, 72, 0
1, 239612, Note_on_c, 0, 74, 0
1, 239618, Note_on_c, 0, 76, 69
1, 239679, Note_on_c, 0, 76, 0
1, 239710, Note_on_c, 0, 77, 66
1, 239757, Note_on_c, 0, 77, 0
1, 239793, Note_on_c, 0, 79, 76
1, 239802, Note_on_c, 0, 48, 38
1, 239853, Note_on_c, 0, 52, 0
1, 239872, Note_on_c, 0, 79, 0
1, 239878, Note_on_c, 0, 81, 62
1, 239955, Note_on_c, 0, 81, 0
1, 239959, Note_on_c, 0, 83, 92
1, 240047, Note_on_c, 0, 84, 71
1, 240058, Note_on_c, 0, 83, 0
1, 240092, Note_on_c, 0, 48, 0
1, 240112, Note_on_c, 0, 53, 74
1, 240119, Note_on_c, 0, 83, 96
1, 240162, Note_on_c, 0, 84, 0
1, 240206, Note_on_c, 0, 81, 83
1, 240225, Note_on_c, 0, 83, 0
1, 240281, Note_on_c, 0, 80, 83
1, 240306, Note_on_c, 0, 81, 0
1, 240351, Note_on_c, 0, 81, 91
1, 240370, Note_on_c, 0, 80, 0
1, 240434, Note_on_c, 0, 81, 0
1, 240443, Note_on_c, 0, 86, 94
1, 240443, Note_on_c, 0, 48, 40
1, 240509, Note_on_c, 0, 53, 0
1, 240526, Note_on_c, 0, 84, 90
1, 240538, Note_on_c, 0, 86, 0
1, 240599, Note_on_c, 0, 83, 104
1, 240619, Note_on_c, 0, 84, 0
1, 240666, Note_on_c, 0, 81, 87
1, 240688, Note_on_c, 0, 83, 0
1, 240697, Note_on_c, 0, 81, 0
1, 240755, Note_on_c, 0, 81, 82
1, 240763, Note_on_c, 0, 52, 56
1, 240789, Note_on_c, 0, 48, 0
1, 240842, Note_on_c, 0, 79, 92
1, 240867, Note_on_c, 0, 81, 0
1, 240906, Note_on_c, 0, 79, 0
1, 240919, Note_on_c, 0, 78, 67
1, 240983, Note_on_c, 0, 79, 85
1, 241006, Note_on_c, 0, 52, 0
1, 241019, Note_on_c, 0, 78, 0
1, 241019, Note_on_c, 0, 79, 0
1, 241070, Note_on_c, 0, 60, 87
1, 241070, Note_on_c, 0, 48, 70
1, 241145, Note_on_c, 0, 79, 90
1, 241228, Note_on_c, 0, 79, 0
1, 241245, Note_on_c, 0, 88, 81
1, 241301, Note_on_c, 0, 60, 0
1, 241301, Control_c, 0, 64, 127
1, 241320, Note_on_c, 0, 79, 84
1, 241329, Note_on_c, 0, 48, 0
1, 241373, Note_on_c, 0, 88, 0
1, 241388, Control_c, 0, 64, 0
1, 241401, Note_on_c, 0, 57, 86
1, 241401, Note_on_c, 0, 45, 86
1, 241409, Note_on_c, 0, 79, 0
1, 241482, Note_on_c, 0, 77, 83
1, 241579, Note_on_c, 0, 88, 87
1, 241599, Note_on_c, 0, 77, 0
1, 241629, Control_c, 0, 64, 127
1, 241657, Note_on_c, 0, 77, 76
1, 241660, Note_on_c, 0, 45, 0
1, 241668, Note_on_c, 0, 57, 0
1, 241696, Note_on_c, 0, 88, 0
1, 241736, Control_c, 0, 64, 0
1, 241739, Note_on_c, 0, 59, 95
1, 241739, Note_on_c, 0, 47, 89
1, 241758, Note_on_c, 0, 77, 0
1, 241831, Note_on_c, 0, 77, 75
1, 241922, Note_on_c, 0, 86, 91
1, 241934, Note_on_c, 0, 77, 0
1, 241964, Control_c, 0, 64, 127
1, 241975, Note_on_c, 0, 59, 0
1, 241989, Note_on_c, 0, 77, 79
1, 242006, Note_on_c, 0, 47, 0
1, 242037, Note_on_c, 0, 86, 0
1, 242080, Note_on_c, 0, 56, 81
1, 242080, Note_on_c, 0, 77, 0
1, 242084, Note_on_c, 0, 44, 90
1, 242108, Control_c, 0, 64, 0
1, 242154, Note_on_c, 0, 76, 80
1, 242242, Note_on_c, 0, 86, 90
1, 242261, Note_on_c, 0, 76, 0
1, 242318, Note_on_c, 0, 76, 80
1, 242323, Control_c, 0, 64, 127
1, 242379, Note_on_c, 0, 56, 0
1, 242379, Note_on_c, 0, 44, 0
1, 242396, Note_on_c, 0, 86, 0
1, 242406, Note_on_c, 0, 76, 0
1, 242409, Note_on_c, 0, 57, 88
1, 242412, Note_on_c, 0, 45, 82
1, 242443, Control_c, 0, 64, 0
1, 242504, Note_on_c, 0, 76, 74
1, 242585, Note_on_c, 0, 84, 87
1, 242585, Note_on_c, 0, 76, 0
1, 242643, Note_on_c, 0, 57, 0
1, 242646, Control_c, 0, 64, 127
1, 242654, Note_on_c, 0, 76, 64
1, 242677, Note_on_c, 0, 45, 0
1, 242696, Note_on_c, 0, 84, 0
1, 242746, Note_on_c, 0, 76, 0
1, 242746, Note_on_c, 0, 41, 93
1, 242746, Note_on_c, 0, 53, 107
1, 242767, Control_c, 0, 64, 0
1, 242825, Note_on_c, 0, 74, 85
1, 242914, Note_on_c, 0, 84, 85
1, 242914, Note_on_c, 0, 74, 0
1, 242970, Control_c, 0, 64, 127
1, 242981, Note_on_c, 0, 74, 67
1, 242991, Note_on_c, 0, 41, 0
1, 242998, Note_on_c, 0, 53, 0
1, 243016, Note_on_c, 0, 84, 0
1, 243061, Note_on_c, 0, 74, 0
1, 243067, Control_c, 0, 64, 0
1, 243080, Note_on_c, 0, 55, 91
1, 243080, Note_on_c, 0, 43, 85
1, 243178, Note_on_c, 0, 74, 81
1, 243251, Note_on_c, 0, 55, 0
1, 243265, Note_on_c, 0, 74, 0
1, 243268, Note_on_c, 0, 83, 92
1, 243268, Control_c, 0, 64, 127
1, 243287, Note_on_c, 0, 43, 0
1, 243331, Note_on_c, 0, 74, 83
1, 243415, Note_on_c, 0, 83, 0
1, 243423, Note_on_c, 0, 74, 0
1, 243426, Control_c, 0, 64, 0
1, 243454, Note_on_c, 0, 76, 82
1, 243454, Note_on_c, 0, 84, 101
1, 243454, Note_on_c, 0, 48, 75
1, 243459, Note_on_c, 0, 36, 80
1, 243459, Note_on_c, 0, 79, 86
1, 243699, Note_on_c, 0, 36, 0
1, 243738, Control_c, 0, 64, 127
1, 243753, Note_on_c, 0, 84, 0
1, 243766, Note_on_c, 0, 48, 0
1, 243766, Note_on_c, 0, 76, 0
1, 243788, Note_on_c, 0, 79, 0
1, 243989, Control_c, 0, 64, 0
1, 244145, Note_on_c, 0, 79, 92
1, 244145, Note_on_c, 0, 64, 54
1, 244156, Note_on_c, 0, 55, 46
1, 244245, Note_on_c, 0, 84, 89
1, 244327, Note_on_c, 0, 79, 0
1, 244345, Note_on_c, 0, 88, 86
1, 244362, Note_on_c, 0, 84, 0
1, 244438, Note_on_c, 0, 86, 90
1, 244493, Note_on_c, 0, 88, 0
1, 244521, Note_on_c, 0, 84, 91
1, 244555, Note_on_c, 0, 86, 0
1, 244613, Note_on_c, 0, 83, 106
1, 244641, Note_on_c, 0, 84, 0
1, 244688, Note_on_c, 0, 81, 85
1, 244696, Note_on_c, 0, 55, 0
1, 244696, Note_on_c, 0, 83, 0
1, 244696, Control_c, 0, 64, 127
1, 244732, Control_c, 0, 64, 0
1, 244760, Note_on_c, 0, 79, 101
1, 244778, Note_on_c, 0, 81, 0
1, 244835, Note_on_c, 0, 64, 0
1, 244835, Note_on_c, 0, 62, 48
1, 244842, Note_on_c, 0, 55, 41
1, 244842, Note_on_c, 0, 77, 92
1, 244866, Note_on_c, 0, 79, 0
1, 244917, Note_on_c, 0, 76, 77
1, 244927, Note_on_c, 0, 77, 0
1, 244997, Note_on_c, 0, 74, 89
1, 245003, Note_on_c, 0, 76, 0
1, 245084, Note_on_c, 0, 72, 75
1, 245101, Note_on_c, 0, 74, 0
1, 245159, Note_on_c, 0, 71, 87
1, 245186, Note_on_c, 0, 72, 0
1, 245235, Note_on_c, 0, 69, 69
1, 245253, Note_on_c, 0, 71, 0
1, 245282, Note_on_c, 0, 55, 0
1, 245315, Note_on_c, 0, 67, 78
1, 245327, Note_on_c, 0, 69, 0
1, 245370, Note_on_c, 0, 62, 0
1, 245399, Note_on_c, 0, 67, 0
1, 245402, Note_on_c, 0, 65, 66
1, 245482, Note_on_c, 0, 65, 0
1, 245521, Note_on_c, 0, 55, 41
1, 245521, Note_on_c, 0, 64, 51
1, 245521, Control_c, 0, 64, 127
1, 245526, Note_on_c, 0, 60, 37
1, 245605, Note_on_c, 0, 64, 0
1, 245696, Note_on_c, 0, 76, 81
1, 245703, Control_c, 0, 64, 0
1, 245781, Note_on_c, 0, 76, 0
1, 245864, Note_on_c, 0, 77, 83
1, 245944, Note_on_c, 0, 77, 0
1, 246022, Note_on_c, 0, 78, 75
1, 246070, Note_on_c, 0, 55, 0
1, 246123, Note_on_c, 0, 78, 0
1, 246229, Note_on_c, 0, 79, 66
1, 246235, Note_on_c, 0, 59, 28
1, 246246, Note_on_c, 0, 55, 22
1, 246259, Note_on_c, 0, 60, 0
1, 246538, Note_on_c, 0, 76, 36
1, 246541, Note_on_c, 0, 79, 0
1, 246605, Note_on_c, 0, 76, 0
1, 246661, Note_on_c, 0, 74, 44
1, 246770, Note_on_c, 0, 55, 0
1, 246811, Note_on_c, 0, 74, 0
1, 246817, Control_c, 0, 64, 127
1, 246895, Note_on_c, 0, 59, 0
1, 246997, Control_c, 0, 64, 0
1, 247006, Note_on_c, 0, 79, 67
1, 247009, Note_on_c, 0, 64, 34
1, 247026, Note_on_c, 0, 55, 25
1, 247064, Note_on_c, 0, 79, 0
1, 247089, Note_on_c, 0, 84, 70
1, 247139, Note_on_c, 0, 84, 0
1, 247168, Note_on_c, 0, 88, 62
1, 247215, Note_on_c, 0, 88, 0
1, 247263, Note_on_c, 0, 86, 54
1, 247313, Note_on_c, 0, 86, 0
1, 247341, Note_on_c, 0, 84, 57
1, 247394, Note_on_c, 0, 84, 0
1, 247443, Note_on_c, 0, 83, 67
1, 247493, Note_on_c, 0, 83, 0
1, 247519, Note_on_c, 0, 81, 59
1, 247529, Note_on_c, 0, 55, 0
1, 247602, Note_on_c, 0, 81, 0
1, 247602, Note_on_c, 0, 79, 71
1, 247667, Note_on_c, 0, 79, 0
1, 247705, Note_on_c, 0, 77, 56
1, 247711, Note_on_c, 0, 64, 0
1, 247711, Note_on_c, 0, 62, 29
1, 247720, Note_on_c, 0, 55, 24
1, 247769, Note_on_c, 0, 77, 0
1, 247794, Note_on_c, 0, 76, 52
1, 247844, Note_on_c, 0, 76, 0
1, 247877, Note_on_c, 0, 74, 53
1, 247940, Note_on_c, 0, 74, 0
1, 247953, Note_on_c, 0, 72, 60
1, 248043, Note_on_c, 0, 71, 64
1, 248046, Note_on_c, 0, 72, 0
1, 248101, Note_on_c, 0, 71, 0
1, 248120, Note_on_c, 0, 69, 54
1, 248173, Note_on_c, 0, 55, 0
1, 248173, Note_on_c, 0, 69, 0
1, 248190, Note_on_c, 0, 67, 64
1, 248243, Note_on_c, 0, 67, 0
1, 248265, Note_on_c, 0, 62, 0
1, 248274, Note_on_c, 0, 65, 54
1, 248354, Note_on_c, 0, 65, 0
1, 248374, Note_on_c, 0, 64, 67
1, 248388, Note_on_c, 0, 60, 31
1, 248394, Note_on_c, 0, 55, 35
1, 248418, Note_on_c, 0, 64, 0
1, 248536, Note_on_c, 0, 76, 63
1, 248611, Note_on_c, 0, 76, 0
1, 248713, Note_on_c, 0, 77, 69
1, 248756, Note_on_c, 0, 77, 0
1, 248875, Note_on_c, 0, 78, 64
1, 248915, Note_on_c, 0, 55, 0
1, 248933, Note_on_c, 0, 78, 0
1, 249089, Note_on_c, 0, 79, 73
1, 249093, Note_on_c, 0, 60, 0
1, 249098, Note_on_c, 0, 59, 23
1, 249104, Note_on_c, 0, 55, 11
1, 249362, Note_on_c, 0, 79, 0
1, 249380, Note_on_c, 0, 76, 25
1, 249435, Note_on_c, 0, 76, 0
1, 249455, Note_on_c, 0, 74, 52
1, 249507, Note_on_c, 0, 59, 0
1, 249511, Note_on_c, 0, 55, 0
1, 249527, Note_on_c, 0, 74, 0
1, 249538, Control_c, 0, 64, 127
1, 249574, Control_c, 0, 64, 0
1, 249772, Note_on_c, 0, 60, 95
1, 249781, Note_on_c, 0, 48, 84
1, 249784, Note_on_c, 0, 36, 87
1, 249837, Control_c, 0, 64, 127
1, 249979, Note_on_c, 0, 62, 79
1, 249979, Note_on_c, 0, 60, 0
1, 250028, Note_on_c, 0, 62, 0
1, 250048, Note_on_c, 0, 64, 79
1, 250065, Control_c, 0, 64, 0
1, 250084, Note_on_c, 0, 64, 0
1, 250121, Note_on_c, 0, 65, 74
1, 250170, Note_on_c, 0, 65, 0
1, 250198, Note_on_c, 0, 36, 0
1, 250204, Note_on_c, 0, 67, 66
1, 250263, Note_on_c, 0, 67, 0
1, 250279, Note_on_c, 0, 69, 57
1, 250357, Note_on_c, 0, 71, 69
1, 250363, Note_on_c, 0, 69, 0
1, 250396, Note_on_c, 0, 71, 0
1, 250421, Note_on_c, 0, 48, 0
1, 250432, Note_on_c, 0, 52, 58
1, 250436, Note_on_c, 0, 72, 68
1, 250511, Note_on_c, 0, 72, 0
1, 250522, Note_on_c, 0, 74, 72
1, 250574, Note_on_c, 0, 74, 0
1, 250606, Note_on_c, 0, 76, 66
1, 250647, Note_on_c, 0, 76, 0
1, 250692, Note_on_c, 0, 77, 66
1, 250736, Note_on_c, 0, 77, 0
1, 250784, Note_on_c, 0, 79, 79
1, 250806, Note_on_c, 0, 48, 19
1, 250858, Note_on_c, 0, 79, 0
1, 250861, Note_on_c, 0, 81, 81
1, 250883, Note_on_c, 0, 52, 0
1, 250943, Note_on_c, 0, 83, 104
1, 250993, Note_on_c, 0, 81, 0
1, 251020, Note_on_c, 0, 84, 93
1, 251020, Note_on_c, 0, 83, 0
1, 251085, Note_on_c, 0, 48, 0
1, 251104, Note_on_c, 0, 53, 74
1, 251104, Note_on_c, 0, 83, 106
1, 251137, Note_on_c, 0, 84, 0
1, 251184, Note_on_c, 0, 81, 90
1, 251204, Note_on_c, 0, 83, 0
1, 251263, Note_on_c, 0, 80, 85
1, 251274, Note_on_c, 0, 81, 0
1, 251343, Note_on_c, 0, 80, 0
1, 251343, Note_on_c, 0, 81, 72
1, 251425, Note_on_c, 0, 48, 43
1, 251433, Note_on_c, 0, 86, 91
1, 251433, Note_on_c, 0, 81, 0
1, 251497, Note_on_c, 0, 53, 0
1, 251516, Note_on_c, 0, 84, 85
1, 251536, Note_on_c, 0, 86, 0
1, 251586, Note_on_c, 0, 83, 105
1, 251608, Note_on_c, 0, 84, 0
1, 251656, Note_on_c, 0, 81, 85
1, 251674, Note_on_c, 0, 83, 0
1, 251691, Note_on_c, 0, 81, 0
1, 251742, Note_on_c, 0, 81, 82
1, 251748, Note_on_c, 0, 52, 59
1, 251751, Note_on_c, 0, 48, 0
1, 251823, Note_on_c, 0, 79, 89
1, 251848, Note_on_c, 0, 81, 0
1, 251848, Note_on_c, 0, 52, 0
1, 251879, Note_on_c, 0, 79, 0
1, 251901, Note_on_c, 0, 78, 66
1, 251965, Note_on_c, 0, 79, 82
1, 251992, Note_on_c, 0, 78, 0
1, 252001, Note_on_c, 0, 79, 0
1, 252039, Note_on_c, 0, 60, 96
1, 252043, Note_on_c, 0, 48, 90
1, 252115, Note_on_c, 0, 79, 93
1, 252210, Control_c, 0, 64, 127
1, 252221, Note_on_c, 0, 88, 88
1, 252227, Note_on_c, 0, 79, 0
1, 252301, Note_on_c, 0, 60, 0
1, 252307, Note_on_c, 0, 79, 81
1, 252337, Note_on_c, 0, 48, 0
1, 252351, Note_on_c, 0, 88, 0
1, 252386, Note_on_c, 0, 79, 0
1, 252396, Note_on_c, 0, 57, 97
1, 252396, Note_on_c, 0, 45, 99
1, 252438, Control_c, 0, 64, 0
1, 252474, Note_on_c, 0, 77, 88
1, 252566, Note_on_c, 0, 88, 94
1, 252585, Note_on_c, 0, 77, 0
1, 252642, Note_on_c, 0, 77, 78
1, 252642, Control_c, 0, 64, 127
1, 252655, Note_on_c, 0, 45, 0
1, 252664, Note_on_c, 0, 57, 0
1, 252684, Note_on_c, 0, 88, 0
1, 252714, Control_c, 0, 64, 0
1, 252730, Note_on_c, 0, 59, 101
1, 252730, Note_on_c, 0, 47, 94
1, 252741, Note_on_c, 0, 77, 0
1, 252817, Note_on_c, 0, 77, 70
1, 252900, Note_on_c, 0, 86, 92
1, 252918, Note_on_c, 0, 77, 0
1, 252929, Control_c, 0, 64, 127
1, 252965, Note_on_c, 0, 59, 0
1, 252984, Note_on_c, 0, 77, 77
1, 252992, Note_on_c, 0, 47, 0
1, 253049, Control_c, 0, 64, 0
1, 253057, Note_on_c, 0, 56, 86
1, 253062, Note_on_c, 0, 44, 93
1, 253078, Note_on_c, 0, 77, 0
1, 253099, Note_on_c, 0, 86, 0
1, 253152, Note_on_c, 0, 76, 82
1, 253234, Note_on_c, 0, 86, 94
1, 253252, Note_on_c, 0, 76, 0
1, 253277, Control_c, 0, 64, 127
1, 253318, Note_on_c, 0, 76, 57
1, 253358, Note_on_c, 0, 86, 0
1, 253366, Note_on_c, 0, 44, 0
1, 253374, Control_c, 0, 64, 0
1, 253382, Note_on_c, 0, 56, 0
1, 253399, Note_on_c, 0, 57, 91
1, 253399, Note_on_c, 0, 45, 85
1, 253404, Note_on_c, 0, 76, 0
1, 253472, Note_on_c, 0, 76, 54
1, 253558, Note_on_c, 0, 76, 0
1, 253558, Note_on_c, 0, 84, 93
1, 253577, Control_c, 0, 64, 127
1, 253625, Note_on_c, 0, 57, 0
1, 253638, Note_on_c, 0, 76, 61
1, 253658, Note_on_c, 0, 45, 0
1, 253687, Note_on_c, 0, 84, 0
1, 253709, Control_c, 0, 64, 0
1, 253719, Note_on_c, 0, 76, 0
1, 253727, Note_on_c, 0, 53, 114
1, 253727, Note_on_c, 0, 41, 100
1, 253804, Note_on_c, 0, 74, 87
1, 253889, Note_on_c, 0, 74, 0
1, 253895, Note_on_c, 0, 84, 91
1, 253925, Control_c, 0, 64, 127
1, 253975, Note_on_c, 0, 74, 73
1, 253982, Note_on_c, 0, 41, 0
1, 253990, Note_on_c, 0, 53, 0
1, 254010, Note_on_c, 0, 84, 0
1, 254020, Control_c, 0, 64, 0
1, 254056, Note_on_c, 0, 74, 0
1, 254056, Note_on_c, 0, 55, 95
1, 254060, Note_on_c, 0, 43, 89
1, 254152, Note_on_c, 0, 74, 75
1, 254233, Note_on_c, 0, 55, 0
1, 254236, Note_on_c, 0, 74, 0
1, 254246, Note_on_c, 0, 83, 99
1, 254246, Control_c, 0, 64, 127
1, 254266, Note_on_c, 0, 43, 0
1, 254319, Note_on_c, 0, 74, 72
1, 254361, Note_on_c, 0, 74, 0
1, 254364, Note_on_c, 0, 83, 0
1, 254416, Control_c, 0, 64, 0
1, 254436, Note_on_c, 0, 84, 106
1, 254439, Note_on_c, 0, 76, 82
1, 254439, Note_on_c, 0, 79, 91
1, 254443, Note_on_c, 0, 36, 85
1, 254443, Note_on_c, 0, 48, 73
1, 254667, Note_on_c, 0, 36, 0
1, 254703, Control_c, 0, 64, 127
1, 254728, Note_on_c, 0, 48, 0
1, 254783, Note_on_c, 0, 76, 0
1, 254797, Note_on_c, 0, 79, 0
1, 254840, Note_on_c, 0, 84, 0
1, 255003, Control_c, 0, 64, 0
1, 255124, Note_on_c, 0, 79, 83
1, 255124, Note_on_c, 0, 64, 50
1, 255132, Note_on_c, 0, 55, 51
1, 255215, Note_on_c, 0, 84, 76
1, 255251, Note_on_c, 0, 79, 0
1, 255307, Note_on_c, 0, 88, 75
1, 255322, Note_on_c, 0, 84, 0
1, 255405, Note_on_c, 0, 86, 77
1, 255419, Note_on_c, 0, 88, 0
1, 255485, Note_on_c, 0, 84, 83
1, 255511, Note_on_c, 0, 86, 0
1, 255570, Note_on_c, 0, 83, 99
1, 255595, Note_on_c, 0, 84, 0
1, 255637, Control_c, 0, 64, 127
1, 255647, Note_on_c, 0, 81, 80
1, 255647, Note_on_c, 0, 83, 0
1, 255658, Note_on_c, 0, 55, 0
1, 255722, Note_on_c, 0, 79, 95
1, 255742, Note_on_c, 0, 81, 0
1, 255747, Control_c, 0, 64, 0
1, 255800, Note_on_c, 0, 64, 0
1, 255800, Note_on_c, 0, 62, 41
1, 255804, Note_on_c, 0, 77, 76
1, 255823, Note_on_c, 0, 55, 41
1, 255828, Note_on_c, 0, 79, 0
1, 255881, Note_on_c, 0, 76, 78
1, 255898, Note_on_c, 0, 77, 0
1, 255954, Note_on_c, 0, 74, 81
1, 255964, Note_on_c, 0, 76, 0
1, 256037, Note_on_c, 0, 72, 78
1, 256043, Note_on_c, 0, 74, 0
1, 256129, Note_on_c, 0, 71, 73
1, 256159, Note_on_c, 0, 72, 0
1, 256199, Note_on_c, 0, 69, 61
1, 256216, Note_on_c, 0, 71, 0
1, 256274, Note_on_c, 0, 69, 0
1, 256285, Note_on_c, 0, 67, 60
1, 256305, Note_on_c, 0, 55, 0
1, 256364, Note_on_c, 0, 65, 48
1, 256403, Note_on_c, 0, 62, 0
1, 256406, Control_c, 0, 64, 127
1, 256421, Note_on_c, 0, 67, 0
1, 256471, Note_on_c, 0, 55, 32
1, 256474, Note_on_c, 0, 64, 66
1, 256478, Note_on_c, 0, 60, 38
1, 256481, Note_on_c, 0, 65, 0
1, 256558, Note_on_c, 0, 64, 0
1, 256645, Control_c, 0, 64, 0
1, 256655, Note_on_c, 0, 76, 59
1, 256734, Note_on_c, 0, 76, 0
1, 256820, Note_on_c, 0, 77, 79
1, 256861, Note_on_c, 0, 77, 0
1, 256978, Note_on_c, 0, 78, 71
1, 257049, Note_on_c, 0, 55, 0
1, 257063, Note_on_c, 0, 78, 0
1, 257190, Note_on_c, 0, 79, 66
1, 257199, Note_on_c, 0, 59, 44
1, 257208, Note_on_c, 0, 55, 29
1, 257229, Note_on_c, 0, 60, 0
1, 257488, Note_on_c, 0, 79, 0
1, 257488, Note_on_c, 0, 76, 45
1, 257550, Note_on_c, 0, 76, 0
1, 257606, Note_on_c, 0, 74, 46
1, 257703, Note_on_c, 0, 55, 0
1, 257728, Note_on_c, 0, 59, 0
1, 257734, Note_on_c, 0, 74, 0
1, 257734, Control_c, 0, 64, 127
1, 257948, Note_on_c, 0, 79, 60
1, 257957, Note_on_c, 0, 64, 32
1, 257976, Control_c, 0, 64, 0
1, 257984, Note_on_c, 0, 55, 23
1, 258001, Note_on_c, 0, 79, 0
1, 258051, Note_on_c, 0, 84, 43
1, 258109, Note_on_c, 0, 84, 0
1, 258143, Note_on_c, 0, 88, 40
1, 258201, Note_on_c, 0, 88, 0
1, 258236, Note_on_c, 0, 86, 40
1, 258290, Note_on_c, 0, 86, 0
1, 258316, Note_on_c, 0, 84, 40
1, 258375, Note_on_c, 0, 84, 0
1, 258402, Note_on_c, 0, 83, 69
1, 258449, Note_on_c, 0, 83, 0
1, 258481, Note_on_c, 0, 55, 0
1, 258481, Note_on_c, 0, 81, 51
1, 258503, Control_c, 0, 64, 127
1, 258564, Note_on_c, 0, 79, 61
1, 258569, Note_on_c, 0, 81, 0
1, 258611, Control_c, 0, 64, 0
1, 258633, Note_on_c, 0, 79, 0
1, 258662, Note_on_c, 0, 62, 51
1, 258662, Note_on_c, 0, 77, 40
1, 258676, Note_on_c, 0, 55, 12
1, 258722, Note_on_c, 0, 64, 0
1, 258722, Note_on_c, 0, 77, 0
1, 258745, Note_on_c, 0, 76, 38
1, 258792, Note_on_c, 0, 76, 0
1, 258818, Note_on_c, 0, 74, 59
1, 258871, Note_on_c, 0, 74, 0
1, 258903, Note_on_c, 0, 72, 45
1, 258971, Note_on_c, 0, 72, 0
1, 258998, Note_on_c, 0, 71, 36
1, 259057, Note_on_c, 0, 71, 0
1, 259074, Note_on_c, 0, 69, 29
1, 259129, Note_on_c, 0, 69, 0
1, 259143, Note_on_c, 0, 67, 40
1, 259157, Note_on_c, 0, 55, 0
1, 259197, Control_c, 0, 64, 127
1, 259208, Note_on_c, 0, 67, 0
1, 259219, Note_on_c, 0, 65, 44
1, 259280, Note_on_c, 0, 65, 0
1, 259294, Control_c, 0, 64, 0
1, 259319, Note_on_c, 0, 62, 0
1, 259325, Note_on_c, 0, 64, 54
1, 259333, Note_on_c, 0, 60, 42
1, 259352, Note_on_c, 0, 55, 27
1, 259364, Note_on_c, 0, 64, 0
1, 259489, Note_on_c, 0, 76, 60
1, 259542, Note_on_c, 0, 76, 0
1, 259658, Note_on_c, 0, 77, 54
1, 259706, Note_on_c, 0, 77, 0
1, 259823, Note_on_c, 0, 78, 59
1, 259867, Note_on_c, 0, 78, 0
1, 259867, Note_on_c, 0, 55, 0
1, 259942, Control_c, 0, 64, 127
1, 260035, Note_on_c, 0, 79, 56
1, 260035, Control_c, 0, 64, 0
1, 260069, Note_on_c, 0, 59, 25
1, 260079, Note_on_c, 0, 55, 6
1, 260113, Note_on_c, 0, 60, 0
1, 260311, Note_on_c, 0, 79, 0
1, 260339, Note_on_c, 0, 76, 30
1, 260397, Note_on_c, 0, 76, 0
1, 260456, Note_on_c, 0, 74, 27
1, 260502, Note_on_c, 0, 59, 0
1, 260508, Note_on_c, 0, 55, 0
1, 260513, Note_on_c, 0, 74, 0
1, 260517, Control_c, 0, 64, 127
1, 260612, Control_c, 0, 64, 0
1, 260762, Note_on_c, 0, 60, 76
1, 260782, Note_on_c, 0, 36, 48
1, 260864, Control_c, 0, 64, 127
1, 260956, Note_on_c, 0, 62, 70
1, 260973, Note_on_c, 0, 60, 0
1, 261018, Note_on_c, 0, 62, 0
1, 261032, Note_on_c, 0, 64, 70
1, 261068, Note_on_c, 0, 64, 0
1, 261108, Note_on_c, 0, 65, 73
1, 261161, Note_on_c, 0, 65, 0
1, 261186, Note_on_c, 0, 36, 0
1, 261193, Note_on_c, 0, 67, 69
1, 261255, Note_on_c, 0, 67, 0
1, 261260, Note_on_c, 0, 69, 73
1, 261347, Note_on_c, 0, 71, 87
1, 261370, Note_on_c, 0, 69, 0
1, 261391, Control_c, 0, 64, 0
1, 261394, Note_on_c, 0, 71, 0
1, 261419, Note_on_c, 0, 52, 80
1, 261430, Note_on_c, 0, 72, 79
1, 261512, Note_on_c, 0, 74, 83
1, 261533, Note_on_c, 0, 72, 0
1, 261573, Note_on_c, 0, 74, 0
1, 261586, Note_on_c, 0, 76, 79
1, 261633, Note_on_c, 0, 76, 0
1, 261667, Note_on_c, 0, 77, 74
1, 261703, Control_c, 0, 64, 127
1, 261715, Note_on_c, 0, 77, 0
1, 261726, Control_c, 0, 64, 0
1, 261750, Note_on_c, 0, 79, 88
1, 261750, Note_on_c, 0, 48, 54
1, 261768, Note_on_c, 0, 52, 0
1, 261820, Note_on_c, 0, 81, 81
1, 261832, Note_on_c, 0, 79, 0
1, 261912, Note_on_c, 0, 83, 102
1, 261977, Note_on_c, 0, 81, 0
1, 261987, Note_on_c, 0, 84, 95
1, 261996, Note_on_c, 0, 83, 0
1, 262037, Note_on_c, 0, 48, 0
1, 262080, Note_on_c, 0, 83, 101
1, 262080, Note_on_c, 0, 53, 73
1, 262132, Note_on_c, 0, 84, 0
1, 262157, Note_on_c, 0, 81, 84
1, 262182, Note_on_c, 0, 83, 0
1, 262236, Note_on_c, 0, 80, 80
1, 262239, Note_on_c, 0, 81, 0
1, 262300, Note_on_c, 0, 80, 0
1, 262306, Note_on_c, 0, 81, 64
1, 262394, Note_on_c, 0, 81, 0
1, 262397, Note_on_c, 0, 86, 91
1, 262411, Note_on_c, 0, 48, 39
1, 262484, Note_on_c, 0, 84, 77
1, 262492, Note_on_c, 0, 86, 0
1, 262500, Note_on_c, 0, 53, 0
1, 262559, Note_on_c, 0, 83, 98
1, 262583, Note_on_c, 0, 84, 0
1, 262615, Note_on_c, 0, 83, 0
1, 262625, Note_on_c, 0, 81, 72
1, 262659, Note_on_c, 0, 81, 0
1, 262714, Note_on_c, 0, 81, 66
1, 262718, Note_on_c, 0, 52, 59
1, 262751, Note_on_c, 0, 48, 0
1, 262798, Note_on_c, 0, 79, 86
1, 262810, Note_on_c, 0, 81, 0
1, 262857, Note_on_c, 0, 79, 0
1, 262871, Note_on_c, 0, 52, 0
1, 262881, Note_on_c, 0, 78, 70
1, 262913, Control_c, 0, 64, 127
1, 262949, Note_on_c, 0, 79, 80
1, 262977, Note_on_c, 0, 78, 0
1, 262982, Note_on_c, 0, 79, 0
1, 263021, Note_on_c, 0, 60, 102
1, 263024, Note_on_c, 0, 48, 93
1, 263101, Note_on_c, 0, 79, 96
1, 263180, Note_on_c, 0, 79, 0
1, 263200, Note_on_c, 0, 88, 87
1, 263261, Note_on_c, 0, 60, 0
1, 263281, Note_on_c, 0, 79, 97
1, 263291, Note_on_c, 0, 48, 0
1, 263328, Note_on_c, 0, 88, 0
1, 263359, Note_on_c, 0, 45, 94
1, 263359, Note_on_c, 0, 57, 92
1, 263364, Note_on_c, 0, 79, 0
1, 263405, Control_c, 0, 64, 0
1, 263447, Note_on_c, 0, 77, 87
1, 263539, Note_on_c, 0, 88, 90
1, 263553, Note_on_c, 0, 77, 0
1, 263597, Control_c, 0, 64, 127
1, 263626, Note_on_c, 0, 77, 68
1, 263650, Note_on_c, 0, 45, 0
1, 263653, Note_on_c, 0, 57, 0
1, 263692, Note_on_c, 0, 88, 0
1, 263725, Note_on_c, 0, 59, 99
1, 263725, Note_on_c, 0, 77, 0
1, 263725, Note_on_c, 0, 47, 91
1, 263776, Control_c, 0, 64, 0
1, 263806, Note_on_c, 0, 77, 70
1, 263887, Note_on_c, 0, 86, 89
1, 263893, Note_on_c, 0, 77, 0
1, 263954, Note_on_c, 0, 59, 0
1, 263954, Control_c, 0, 64, 127
1, 263971, Note_on_c, 0, 47, 0
1, 263971, Note_on_c, 0, 77, 75
1, 264026, Note_on_c, 0, 86, 0
1, 264055, Note_on_c, 0, 56, 87
1, 264060, Note_on_c, 0, 77, 0
1, 264060, Note_on_c, 0, 44, 98
1, 264100, Control_c, 0, 64, 0
1, 264143, Note_on_c, 0, 76, 79
1, 264228, Note_on_c, 0, 76, 0
1, 264228, Note_on_c, 0, 86, 90
1, 264291, Control_c, 0, 64, 127
1, 264308, Note_on_c, 0, 76, 61
1, 264336, Note_on_c, 0, 44, 0
1, 264344, Note_on_c, 0, 86, 0
1, 264352, Note_on_c, 0, 56, 0
1, 264388, Control_c, 0, 64, 0
1, 264391, Note_on_c, 0, 76, 0
1, 264391, Note_on_c, 0, 57, 93
1, 264395, Note_on_c, 0, 45, 88
1, 264480, Note_on_c, 0, 76, 66
1, 264561, Note_on_c, 0, 76, 0
1, 264561, Note_on_c, 0, 84, 94
1, 264590, Control_c, 0, 64, 127
1, 264601, Note_on_c, 0, 57, 0
1, 264651, Note_on_c, 0, 76, 68
1, 264654, Note_on_c, 0, 45, 0
1, 264696, Note_on_c, 0, 84, 0
1, 264737, Note_on_c, 0, 76, 0
1, 264737, Note_on_c, 0, 41, 99
1, 264737, Note_on_c, 0, 53, 114
1, 264759, Control_c, 0, 64, 0
1, 264826, Note_on_c, 0, 74, 86
1, 264915, Note_on_c, 0, 74, 0
1, 264918, Note_on_c, 0, 84, 91
1, 264987, Control_c, 0, 64, 127
1, 265007, Note_on_c, 0, 41, 0
1, 265007, Note_on_c, 0, 74, 79
1, 265018, Note_on_c, 0, 53, 0
1, 265046, Note_on_c, 0, 84, 0
1, 265082, Control_c, 0, 64, 0
1, 265096, Note_on_c, 0, 74, 0
1, 265096, Note_on_c, 0, 55, 98
1, 265102, Note_on_c, 0, 43, 91
1, 265185, Note_on_c, 0, 74, 79
1, 265278, Note_on_c, 0, 74, 0
1, 265289, Note_on_c, 0, 83, 108
1, 265314, Note_on_c, 0, 55, 0
1, 265322, Control_c, 0, 64, 127
1, 265387, Note_on_c, 0, 43, 0
1, 265391, Note_on_c, 0, 74, 82
1, 265453, Note_on_c, 0, 83, 0
1, 265472, Note_on_c, 0, 74, 0
1, 265573, Note_on_c, 0, 36, 89
1, 265573, Control_c, 0, 64, 0
1, 265579, Note_on_c, 0, 48, 75
1, 265579, Note_on_c, 0, 76, 76
1, 265584, Note_on_c, 0, 84, 100
1, 265584, Note_on_c, 0, 79, 87
1, 266016, Control_c, 0, 64, 127
1, 266132, Note_on_c, 0, 48, 0
1, 266205, Note_on_c, 0, 36, 0
1, 266228, Note_on_c, 0, 76, 0
1, 266241, Note_on_c, 0, 79, 0
1, 266278, Note_on_c, 0, 84, 0
1, 266305, Control_c, 0, 64, 0
1, 267450, Note_on_c, 0, 72, 23
1, 267542, Note_on_c, 0, 72, 0
1, 267656, Note_on_c, 0, 74, 54
1, 267713, Note_on_c, 0, 74, 0
1, 267838, Note_on_c, 0, 75, 69
1, 267943, Note_on_c, 0, 75, 0
1, 268033, Note_on_c, 0, 77, 78
1, 268169, Note_on_c, 0, 77, 0
1, 268266, Note_on_c, 0, 79, 79
1, 268473, Control_c, 0, 64, 127
1, 268500, Note_on_c, 0, 79, 0
1, 268670, Note_on_c, 0, 79, 84
1, 268941, Control_c, 0, 64, 0
1, 269097, Note_on_c, 0, 65, 49
1, 269107, Note_on_c, 0, 80, 60
1, 269216, Note_on_c, 0, 65, 0
1, 269326, Note_on_c, 0, 67, 57
1, 269412, Note_on_c, 0, 67, 0
1, 269518, Note_on_c, 0, 68, 47
1, 269525, Note_on_c, 0, 77, 55
1, 269587, Note_on_c, 0, 79, 0
1, 269593, Note_on_c, 0, 68, 0
1, 269732, Note_on_c, 0, 70, 38
1, 269784, Note_on_c, 0, 70, 0
1, 269949, Note_on_c, 0, 79, 57
1, 269953, Note_on_c, 0, 72, 39
1, 270044, Note_on_c, 0, 80, 0
1, 270200, Note_on_c, 0, 72, 0
1, 270376, Note_on_c, 0, 75, 30
1, 270395, Note_on_c, 0, 72, 28
1, 270395, Note_on_c, 0, 77, 0
1, 270498, Note_on_c, 0, 72, 0
1, 270512, Note_on_c, 0, 79, 0
1, 270512, Control_c, 0, 64, 127
1, 270785, Note_on_c, 0, 77, 64
1, 270788, Note_on_c, 0, 67, 51
1, 270801, Note_on_c, 0, 55, 63
1, 270865, Note_on_c, 0, 55, 0
1, 270979, Control_c, 0, 64, 0
1, 270999, Note_on_c, 0, 57, 54
1, 271060, Note_on_c, 0, 57, 0
1, 271200, Note_on_c, 0, 59, 77
1, 271208, Note_on_c, 0, 74, 58
1, 271247, Note_on_c, 0, 59, 0
1, 271262, Note_on_c, 0, 75, 0
1, 271406, Note_on_c, 0, 55, 80
1, 271475, Note_on_c, 0, 55, 0
1, 271603, Note_on_c, 0, 75, 68
1, 271618, Note_on_c, 0, 60, 70
1, 271685, Note_on_c, 0, 60, 0
1, 271738, Note_on_c, 0, 77, 0
1, 271804, Note_on_c, 0, 55, 83
1, 271849, Note_on_c, 0, 55, 0
1, 271997, Note_on_c, 0, 56, 73
1, 272007, Note_on_c, 0, 72, 62
1, 272058, Note_on_c, 0, 74, 0
1, 272066, Note_on_c, 0, 56, 0
1, 272184, Note_on_c, 0, 67, 0
1, 272198, Note_on_c, 0, 51, 76
1, 272276, Note_on_c, 0, 51, 0
1, 272409, Note_on_c, 0, 53, 97
1, 272422, Note_on_c, 0, 74, 67
1, 272461, Note_on_c, 0, 53, 0
1, 272543, Note_on_c, 0, 75, 0
1, 272604, Note_on_c, 0, 50, 73
1, 272662, Note_on_c, 0, 50, 0
1, 272807, Note_on_c, 0, 55, 49
1, 272807, Note_on_c, 0, 71, 58
1, 272871, Note_on_c, 0, 55, 0
1, 272888, Note_on_c, 0, 72, 0
1, 273010, Note_on_c, 0, 43, 59
1, 273083, Note_on_c, 0, 43, 0
1, 273251, Note_on_c, 0, 72, 45
1, 273251, Note_on_c, 0, 48, 42
1, 273283, Note_on_c, 0, 71, 0
1, 273337, Note_on_c, 0, 74, 0
1, 273484, Note_on_c, 0, 48, 0
1, 273679, Note_on_c, 0, 36, 49
1, 273852, Note_on_c, 0, 72, 0
1, 273866, Control_c, 0, 64, 127
1, 273982, Note_on_c, 0, 36, 0
1, 274070, Control_c, 0, 64, 0
1, 274092, Note_on_c, 0, 72, 52
1, 274183, Note_on_c, 0, 72, 0
1, 274297, Note_on_c, 0, 74, 72
1, 274398, Note_on_c, 0, 74, 0
1, 274489, Note_on_c, 0, 75, 74
1, 274581, Note_on_c, 0, 75, 0
1, 274680, Note_on_c, 0, 77, 78
1, 274801, Note_on_c, 0, 77, 0
1, 274914, Note_on_c, 0, 79, 69
1, 275098, Note_on_c, 0, 79, 0
1, 275315, Note_on_c, 0, 79, 68
1, 275629, Control_c, 0, 64, 127
1, 275705, Note_on_c, 0, 80, 63
1, 275719, Note_on_c, 0, 65, 47
1, 275724, Control_c, 0, 64, 0
1, 275802, Note_on_c, 0, 65, 0
1, 275916, Note_on_c, 0, 67, 53
1, 275972, Note_on_c, 0, 67, 0
1, 276111, Note_on_c, 0, 68, 41
1, 276123, Note_on_c, 0, 77, 53
1, 276170, Note_on_c, 0, 79, 0
1, 276187, Note_on_c, 0, 68, 0
1, 276320, Note_on_c, 0, 70, 34
1, 276384, Note_on_c, 0, 70, 0
1, 276537, Note_on_c, 0, 72, 40
1, 276542, Note_on_c, 0, 79, 55
1, 276584, Note_on_c, 0, 80, 0
1, 276749, Note_on_c, 0, 72, 0
1, 276930, Note_on_c, 0, 75, 41
1, 276930, Note_on_c, 0, 72, 44
1, 276964, Note_on_c, 0, 77, 0
1, 277081, Note_on_c, 0, 72, 0
1, 277102, Control_c, 0, 64, 127
1, 277219, Note_on_c, 0, 79, 0
1, 277336, Note_on_c, 0, 77, 73
1, 277336, Note_on_c, 0, 67, 53
1, 277346, Note_on_c, 0, 55, 78
1, 277406, Note_on_c, 0, 55, 0
1, 277438, Control_c, 0, 64, 0
1, 277532, Note_on_c, 0, 57, 73
1, 277599, Note_on_c, 0, 57, 0
1, 277732, Note_on_c, 0, 59, 69
1, 277736, Note_on_c, 0, 74, 66
1, 277775, Note_on_c, 0, 59, 0
1, 277797, Note_on_c, 0, 75, 0
1, 277933, Note_on_c, 0, 55, 73
1, 277992, Note_on_c, 0, 55, 0
1, 278117, Note_on_c, 0, 75, 50
1, 278130, Note_on_c, 0, 60, 66
1, 278204, Note_on_c, 0, 77, 0
1, 278233, Note_on_c, 0, 60, 0
1, 278321, Note_on_c, 0, 55, 63
1, 278370, Note_on_c, 0, 55, 0
1, 278507, Note_on_c, 0, 56, 69
1, 278507, Note_on_c, 0, 72, 57
1, 278565, Note_on_c, 0, 56, 0
1, 278574, Note_on_c, 0, 74, 0
1, 278602, Note_on_c, 0, 67, 0
1, 278697, Note_on_c, 0, 51, 71
1, 278733, Note_on_c, 0, 51, 0
1, 278899, Note_on_c, 0, 53, 106
1, 278899, Note_on_c, 0, 74, 73
1, 278974, Note_on_c, 0, 53, 0
1, 279058, Note_on_c, 0, 75, 0
1, 279095, Note_on_c, 0, 50, 85
1, 279150, Note_on_c, 0, 50, 0
1, 279292, Note_on_c, 0, 55, 75
1, 279292, Note_on_c, 0, 71, 61
1, 279345, Note_on_c, 0, 55, 0
1, 279371, Note_on_c, 0, 72, 0
1, 279493, Note_on_c, 0, 43, 76
1, 279569, Note_on_c, 0, 43, 0
1, 279718, Note_on_c, 0, 72, 53
1, 279724, Note_on_c, 0, 48, 49
1, 279764, Note_on_c, 0, 71, 0
1, 279844, Note_on_c, 0, 74, 0
1, 279891, Note_on_c, 0, 48, 0
1, 280133, Note_on_c, 0, 36, 41
1, 280256, Note_on_c, 0, 36, 0
1, 280317, Note_on_c, 0, 72, 0
1, 280569, Note_on_c, 0, 67, 44
1, 280576, Note_on_c, 0, 43, 38
1, 280576, Note_on_c, 0, 55, 31
1, 280710, Control_c, 0, 64, 127
1, 280771, Note_on_c, 0, 79, 78
1, 280819, Note_on_c, 0, 67, 0
1, 280975, Note_on_c, 0, 80, 75
1, 280989, Note_on_c, 0, 79, 0
1, 281126, Note_on_c, 0, 80, 0
1, 281176, Note_on_c, 0, 79, 84
1, 281396, Note_on_c, 0, 78, 72
1, 281396, Note_on_c, 0, 69, 49
1, 281432, Note_on_c, 0, 79, 0
1, 281597, Control_c, 0, 64, 0
1, 281753, Control_c, 0, 64, 127
1, 281827, Note_on_c, 0, 77, 59
1, 281839, Note_on_c, 0, 71, 54
1, 281853, Note_on_c, 0, 78, 0
1, 281856, Note_on_c, 0, 69, 0
1, 281920, Control_c, 0, 64, 0
1, 282053, Note_on_c, 0, 55, 0
1, 282076, Control_c, 0, 64, 127
1, 282128, Note_on_c, 0, 77, 0
1, 282225, Note_on_c, 0, 72, 53
1, 282225, Note_on_c, 0, 76, 41
1, 282237, Note_on_c, 0, 55, 47
1, 282285, Note_on_c, 0, 71, 0
1, 282352, Control_c, 0, 64, 0
1, 282424, Note_on_c, 0, 67, 65
1, 282484, Control_c, 0, 64, 127
1, 282501, Note_on_c, 0, 76, 0
1, 282626, Note_on_c, 0, 75, 54
1, 282629, Note_on_c, 0, 68, 60
1, 282647, Note_on_c, 0, 67, 0
1, 282675, Control_c, 0, 64, 0
1, 282693, Note_on_c, 0, 72, 0
1, 282753, Note_on_c, 0, 43, 0
1, 282819, Control_c, 0, 64, 127
1, 282830, Note_on_c, 0, 67, 65
1, 282874, Note_on_c, 0, 68, 0
1, 282933, Note_on_c, 0, 55, 0
1, 283058, Note_on_c, 0, 66, 54
1, 283069, Note_on_c, 0, 57, 47
1, 283122, Note_on_c, 0, 67, 0
1, 283203, Control_c, 0, 64, 0
1, 283310, Note_on_c, 0, 57, 0
1, 283346, Control_c, 0, 64, 127
1, 283387, Note_on_c, 0, 75, 0
1, 283457, Note_on_c, 0, 74, 55
1, 283473, Note_on_c, 0, 65, 39
1, 283477, Note_on_c, 0, 59, 41
1, 283535, Note_on_c, 0, 66, 0
1, 283535, Control_c, 0, 64, 0
1, 283683, Control_c, 0, 64, 127
1, 283721, Note_on_c, 0, 65, 0
1, 283724, Note_on_c, 0, 59, 0
1, 283827, Control_c, 0, 64, 0
1, 283827, Note_on_c, 0, 60, 41
1, 283834, Note_on_c, 0, 64, 53
1, 283908, Note_on_c, 0, 60, 0
1, 283934, Control_c, 0, 64, 127
1, 284022, Note_on_c, 0, 55, 54
1, 284022, Note_on_c, 0, 43, 53
1, 284059, Note_on_c, 0, 64, 0
1, 284078, Note_on_c, 0, 55, 0
1, 284147, Note_on_c, 0, 43, 0
1, 284195, Note_on_c, 0, 56, 58
1, 284207, Note_on_c, 0, 44, 58
1, 284223, Note_on_c, 0, 63, 60
1, 284231, Note_on_c, 0, 72, 68
1, 284257, Control_c, 0, 64, 0
1, 284292, Note_on_c, 0, 74, 0
1, 284356, Note_on_c, 0, 56, 0
1, 284390, Control_c, 0, 64, 127
1, 284409, Note_on_c, 0, 55, 78
1, 284419, Note_on_c, 0, 44, 0
1, 284419, Note_on_c, 0, 43, 64
1, 284518, Note_on_c, 0, 55, 0
1, 284629, Note_on_c, 0, 43, 0
1, 284629, Note_on_c, 0, 69, 47
1, 284629, Note_on_c, 0, 42, 75
1, 284629, Note_on_c, 0, 54, 85
1, 284653, Control_c, 0, 64, 0
1, 284853, Note_on_c, 0, 69, 0
1, 284894, Control_c, 0, 64, 127
1, 284916, Note_on_c, 0, 54, 0
1, 284933, Note_on_c, 0, 42, 0
1, 285001, Note_on_c, 0, 71, 82
1, 285004, Note_on_c, 0, 68, 64
1, 285011, Note_on_c, 0, 53, 95
1, 285019, Note_on_c, 0, 41, 66
1, 285025, Control_c, 0, 64, 0
1, 285036, Note_on_c, 0, 72, 0
1, 285036, Note_on_c, 0, 63, 0
1, 285229, Control_c, 0, 64, 127
1, 285234, Note_on_c, 0, 53, 0
1, 285259, Note_on_c, 0, 41, 0
1, 285357, Note_on_c, 0, 68, 0
1, 285360, Control_c, 0, 64, 0
1, 285370, Note_on_c, 0, 71, 0
1, 285370, Note_on_c, 0, 52, 80
1, 285370, Note_on_c, 0, 67, 74
1, 285370, Note_on_c, 0, 40, 86
1, 285370, Note_on_c, 0, 72, 81
1, 285480, Note_on_c, 0, 72, 0
1, 285560, Note_on_c, 0, 72, 79
1, 285636, Note_on_c, 0, 52, 0
1, 285677, Note_on_c, 0, 72, 0
1, 285736, Note_on_c, 0, 74, 95
1, 285745, Note_on_c, 0, 39, 76
1, 285745, Note_on_c, 0, 51, 72
1, 285758, Note_on_c, 0, 40, 0
1, 285842, Note_on_c, 0, 74, 0
1, 285923, Note_on_c, 0, 75, 91
1, 286004, Note_on_c, 0, 67, 0
1, 286045, Note_on_c, 0, 75, 0
1, 286086, Note_on_c, 0, 51, 0
1, 286114, Note_on_c, 0, 79, 96
1, 286118, Note_on_c, 0, 67, 84
1, 286125, Note_on_c, 0, 39, 0
1, 286131, Note_on_c, 0, 50, 64
1, 286131, Note_on_c, 0, 38, 62
1, 286296, Note_on_c, 0, 50, 0
1, 286307, Note_on_c, 0, 77, 81
1, 286324, Note_on_c, 0, 38, 0
1, 286330, Control_c, 0, 64, 127
1, 286349, Note_on_c, 0, 79, 0
1, 286404, Note_on_c, 0, 77, 0
1, 286440, Control_c, 0, 64, 0
1, 286480, Note_on_c, 0, 75, 76
1, 286494, Note_on_c, 0, 43, 57
1, 286504, Note_on_c, 0, 31, 31
1, 286558, Note_on_c, 0, 75, 0
1, 286658, Note_on_c, 0, 31, 0
1, 286674, Note_on_c, 0, 74, 78
1, 286691, Control_c, 0, 64, 127
1, 286691, Note_on_c, 0, 67, 0
1, 286691, Note_on_c, 0, 43, 0
1, 286725, Note_on_c, 0, 74, 0
1, 286822, Control_c, 0, 64, 0
1, 286858, Note_on_c, 0, 72, 73
1, 286872, Note_on_c, 0, 36, 25
1, 286872, Note_on_c, 0, 48, 18
1, 286936, Note_on_c, 0, 72, 0
1, 287047, Note_on_c, 0, 74, 75
1, 287084, Note_on_c, 0, 74, 0
1, 287112, Note_on_c, 0, 48, 0
1, 287131, Note_on_c, 0, 36, 0
1, 287226, Note_on_c, 0, 75, 73
1, 287270, Note_on_c, 0, 75, 0
1, 287415, Note_on_c, 0, 77, 73
1, 287454, Note_on_c, 0, 77, 0
1, 287593, Note_on_c, 0, 78, 77
1, 287789, Note_on_c, 0, 79, 79
1, 287816, Note_on_c, 0, 78, 0
1, 287827, Note_on_c, 0, 79, 0
1, 287968, Note_on_c, 0, 78, 65
1, 288132, Note_on_c, 0, 78, 0
1, 288151, Note_on_c, 0, 79, 72
1, 288196, Note_on_c, 0, 79, 0
1, 288332, Note_on_c, 0, 65, 73
1, 288332, Note_on_c, 0, 79, 69
1, 288335, Note_on_c, 0, 80, 60
1, 288418, Note_on_c, 0, 65, 0
1, 288529, Note_on_c, 0, 67, 59
1, 288574, Note_on_c, 0, 67, 0
1, 288708, Note_on_c, 0, 68, 72
1, 288717, Note_on_c, 0, 77, 49
1, 288748, Note_on_c, 0, 68, 0
1, 288761, Note_on_c, 0, 79, 0
1, 288895, Note_on_c, 0, 70, 69
1, 288928, Note_on_c, 0, 70, 0
1, 289087, Note_on_c, 0, 71, 84
1, 289109, Note_on_c, 0, 79, 65
1, 289134, Note_on_c, 0, 80, 0
1, 289270, Note_on_c, 0, 71, 0
1, 289288, Note_on_c, 0, 72, 74
1, 289329, Note_on_c, 0, 72, 0
1, 289460, Note_on_c, 0, 75, 73
1, 289468, Note_on_c, 0, 77, 0
1, 289475, Note_on_c, 0, 71, 79
1, 289569, Note_on_c, 0, 71, 0
1, 289655, Note_on_c, 0, 72, 77
1, 289684, Note_on_c, 0, 72, 0
1, 289747, Control_c, 0, 64, 127
1, 289770, Control_c, 0, 64, 0
1, 289850, Note_on_c, 0, 55, 96
1, 289858, Note_on_c, 0, 67, 58
1, 289862, Note_on_c, 0, 77, 73
1, 289883, Note_on_c, 0, 79, 0
1, 289934, Note_on_c, 0, 55, 0
1, 290039, Note_on_c, 0, 57, 79
1, 290081, Note_on_c, 0, 57, 0
1, 290221, Note_on_c, 0, 74, 76
1, 290226, Note_on_c, 0, 59, 82
1, 290266, Note_on_c, 0, 59, 0
1, 290273, Note_on_c, 0, 75, 0
1, 290413, Note_on_c, 0, 55, 91
1, 290461, Note_on_c, 0, 55, 0
1, 290592, Note_on_c, 0, 75, 73
1, 290603, Note_on_c, 0, 60, 86
1, 290659, Note_on_c, 0, 74, 0
1, 290666, Note_on_c, 0, 77, 0
1, 290678, Note_on_c, 0, 60, 0
1, 290789, Note_on_c, 0, 55, 87
1, 290842, Note_on_c, 0, 55, 0
1, 290967, Note_on_c, 0, 72, 80
1, 290970, Note_on_c, 0, 56, 76
1, 291018, Note_on_c, 0, 67, 0
1, 291045, Note_on_c, 0, 56, 0
1, 291146, Note_on_c, 0, 51, 87
1, 291218, Note_on_c, 0, 51, 0
1, 291330, Note_on_c, 0, 53, 110
1, 291341, Note_on_c, 0, 74, 73
1, 291404, Note_on_c, 0, 53, 0
1, 291519, Note_on_c, 0, 50, 89
1, 291525, Note_on_c, 0, 75, 0
1, 291558, Note_on_c, 0, 50, 0
1, 291703, Note_on_c, 0, 55, 79
1, 291706, Note_on_c, 0, 71, 61
1, 291753, Note_on_c, 0, 55, 0
1, 291766, Note_on_c, 0, 72, 0
1, 291901, Note_on_c, 0, 43, 70
1, 291950, Note_on_c, 0, 43, 0
1, 292099, Note_on_c, 0, 72, 51
1, 292117, Note_on_c, 0, 48, 64
1, 292145, Note_on_c, 0, 71, 0
1, 292224, Note_on_c, 0, 74, 0
1, 292262, Note_on_c, 0, 48, 0
1, 292480, Note_on_c, 0, 36, 59
1, 292597, Note_on_c, 0, 36, 0
1, 292597, Control_c, 0, 64, 127
1, 292611, Note_on_c, 0, 72, 0
1, 292647, Control_c, 0, 64, 0
1, 292914, Note_on_c, 0, 67, 44
1, 292922, Note_on_c, 0, 55, 34
1, 292929, Note_on_c, 0, 43, 36
1, 293137, Note_on_c, 0, 79, 71
1, 293354, Note_on_c, 0, 80, 68
1, 293410, Note_on_c, 0, 79, 0
1, 293566, Note_on_c, 0, 79, 85
1, 293591, Note_on_c, 0, 80, 0
1, 293656, Note_on_c, 0, 67, 0
1, 293666, Control_c, 0, 64, 127
1, 293783, Note_on_c, 0, 78, 74
1, 293792, Note_on_c, 0, 69, 45
1, 293848, Note_on_c, 0, 79, 0
1, 293893, Control_c, 0, 64, 0
1, 294109, Control_c, 0, 64, 127
1, 294145, Control_c, 0, 64, 0
1, 294171, Note_on_c, 0, 71, 54
1, 294174, Note_on_c, 0, 77, 70
1, 294177, Note_on_c, 0, 78, 0
1, 294177, Note_on_c, 0, 69, 0
1, 294361, Note_on_c, 0, 55, 0
1, 294397, Control_c, 0, 64, 127
1, 294446, Note_on_c, 0, 77, 0
1, 294538, Note_on_c, 0, 76, 50
1, 294541, Control_c, 0, 64, 0
1, 294555, Note_on_c, 0, 72, 26
1, 294560, Note_on_c, 0, 55, 35
1, 294595, Note_on_c, 0, 71, 0
1, 294731, Note_on_c, 0, 67, 54
1, 294781, Control_c, 0, 64, 127
1, 294781, Note_on_c, 0, 72, 0
1, 294911, Note_on_c, 0, 68, 47
1, 294920, Note_on_c, 0, 75, 57
1, 294923, Note_on_c, 0, 67, 0
1, 294973, Note_on_c, 0, 76, 0
1, 294992, Note_on_c, 0, 43, 0
1, 295101, Note_on_c, 0, 67, 58
1, 295113, Note_on_c, 0, 68, 0
1, 295204, Note_on_c, 0, 55, 0
1, 295252, Note_on_c, 0, 67, 0
1, 295280, Note_on_c, 0, 66, 51
1, 295291, Note_on_c, 0, 57, 54
1, 295296, Note_on_c, 0, 55, 40
1, 295622, Note_on_c, 0, 75, 0
1, 295676, Note_on_c, 0, 74, 57
1, 295686, Note_on_c, 0, 65, 29
1, 295701, Note_on_c, 0, 59, 46
1, 295715, Note_on_c, 0, 57, 0
1, 295739, Note_on_c, 0, 66, 0
1, 295751, Control_c, 0, 64, 0
1, 295943, Control_c, 0, 64, 127
1, 295993, Note_on_c, 0, 59, 0
1, 296051, Control_c, 0, 64, 0
1, 296059, Note_on_c, 0, 64, 58
1, 296068, Note_on_c, 0, 65, 0
1, 296068, Note_on_c, 0, 60, 37
1, 296118, Note_on_c, 0, 55, 0
1, 296123, Note_on_c, 0, 60, 0
1, 296182, Control_c, 0, 64, 127
1, 296226, Note_on_c, 0, 43, 79
1, 296243, Note_on_c, 0, 55, 53
1, 296282, Note_on_c, 0, 64, 0
1, 296299, Note_on_c, 0, 55, 0
1, 296402, Note_on_c, 0, 43, 0
1, 296414, Note_on_c, 0, 44, 61
1, 296417, Note_on_c, 0, 56, 65
1, 296422, Note_on_c, 0, 63, 60
1, 296425, Note_on_c, 0, 72, 71
1, 296458, Control_c, 0, 64, 0
1, 296503, Note_on_c, 0, 74, 0
1, 296552, Note_on_c, 0, 56, 0
1, 296602, Note_on_c, 0, 55, 77
1, 296606, Note_on_c, 0, 43, 72
1, 296614, Control_c, 0, 64, 127
1, 296628, Note_on_c, 0, 44, 0
1, 296690, Note_on_c, 0, 55, 0
1, 296814, Note_on_c, 0, 69, 49
1, 296814, Note_on_c, 0, 54, 64
1, 296818, Note_on_c, 0, 42, 63
1, 296818, Control_c, 0, 64, 0
1, 296828, Note_on_c, 0, 43, 0
1, 297040, Note_on_c, 0, 63, 0
1, 297070, Control_c, 0, 64, 127
1, 297174, Note_on_c, 0, 54, 0
1, 297201, Note_on_c, 0, 53, 84
1, 297204, Note_on_c, 0, 68, 50
1, 297208, Note_on_c, 0, 42, 0
1, 297208, Note_on_c, 0, 41, 64
1, 297208, Note_on_c, 0, 71, 81
1, 297241, Note_on_c, 0, 69, 0
1, 297255, Note_on_c, 0, 72, 0
1, 297297, Control_c, 0, 64, 0
1, 297435, Note_on_c, 0, 53, 0
1, 297464, Control_c, 0, 64, 127
1, 297470, Note_on_c, 0, 41, 0
1, 297519, Note_on_c, 0, 68, 0
1, 297559, Note_on_c, 0, 72, 79
1, 297562, Control_c, 0, 64, 0
1, 297562, Note_on_c, 0, 40, 78
1, 297562, Note_on_c, 0, 67, 67
1, 297572, Note_on_c, 0, 52, 63
1, 297597, Note_on_c, 0, 71, 0
1, 297669, Note_on_c, 0, 72, 0
1, 297733, Note_on_c, 0, 72, 78
1, 297818, Note_on_c, 0, 52, 0
1, 297870, Note_on_c, 0, 72, 0
1, 297920, Note_on_c, 0, 74, 91
1, 297920, Note_on_c, 0, 51, 60
1, 297928, Note_on_c, 0, 39, 60
1, 297959, Note_on_c, 0, 40, 0
1, 298001, Note_on_c, 0, 74, 0
1, 298091, Note_on_c, 0, 75, 93
1, 298162, Note_on_c, 0, 67, 0
1, 298188, Note_on_c, 0, 75, 0
1, 298201, Note_on_c, 0, 51, 0
1, 298272, Note_on_c, 0, 79, 103
1, 298272, Note_on_c, 0, 67, 91
1, 298275, Note_on_c, 0, 50, 68
1, 298275, Note_on_c, 0, 39, 0
1, 298275, Note_on_c, 0, 38, 66
1, 298435, Note_on_c, 0, 50, 0
1, 298435, Control_c, 0, 64, 127
1, 298453, Note_on_c, 0, 77, 89
1, 298463, Note_on_c, 0, 38, 0
1, 298502, Note_on_c, 0, 79, 0
1, 298547, Note_on_c, 0, 77, 0
1, 298592, Control_c, 0, 64, 0
1, 298625, Note_on_c, 0, 75, 77
1, 298633, Note_on_c, 0, 43, 61
1, 298633, Note_on_c, 0, 31, 60
1, 298670, Note_on_c, 0, 75, 0
1, 298757, Note_on_c, 0, 31, 0
1, 298795, Control_c, 0, 64, 127
1, 298801, Note_on_c, 0, 43, 0
1, 298801, Note_on_c, 0, 74, 83
1, 298815, Note_on_c, 0, 67, 0
1, 298845, Note_on_c, 0, 74, 0
1, 298915, Control_c, 0, 64, 0
1, 298974, Note_on_c, 0, 72, 77
1, 298982, Note_on_c, 0, 48, 30
1, 298988, Note_on_c, 0, 36, 37
1, 299032, Note_on_c, 0, 72, 0
1, 299161, Note_on_c, 0, 74, 60
1, 299191, Note_on_c, 0, 48, 0
1, 299200, Note_on_c, 0, 74, 0
1, 299210, Note_on_c, 0, 36, 0
1, 299316, Note_on_c, 0, 75, 66
1, 299357, Note_on_c, 0, 75, 0
1, 299497, Note_on_c, 0, 77, 65
1, 299534, Note_on_c, 0, 77, 0
1, 299676, Note_on_c, 0, 78, 64
1, 299854, Note_on_c, 0, 79, 64
1, 299854, Note_on_c, 0, 78, 0
1, 299893, Note_on_c, 0, 79, 0
1, 300029, Note_on_c, 0, 78, 45
1, 300219, Note_on_c, 0, 79, 66
1, 300222, Note_on_c, 0, 78, 0
1, 300264, Note_on_c, 0, 79, 0
1, 300395, Note_on_c, 0, 65, 57
1, 300398, Note_on_c, 0, 79, 57
1, 300398, Note_on_c, 0, 80, 57
1, 300466, Note_on_c, 0, 65, 0
1, 300592, Note_on_c, 0, 67, 54
1, 300651, Note_on_c, 0, 67, 0
1, 300768, Note_on_c, 0, 68, 47
1, 300781, Note_on_c, 0, 77, 53
1, 300826, Note_on_c, 0, 79, 0
1, 300826, Note_on_c, 0, 68, 0
1, 300968, Note_on_c, 0, 70, 45
1, 301015, Note_on_c, 0, 70, 0
1, 301163, Note_on_c, 0, 71, 59
1, 301174, Note_on_c, 0, 79, 57
1, 301199, Note_on_c, 0, 80, 0
1, 301355, Note_on_c, 0, 71, 0
1, 301360, Note_on_c, 0, 72, 60
1, 301406, Note_on_c, 0, 72, 0
1, 301525, Note_on_c, 0, 75, 50
1, 301545, Note_on_c, 0, 71, 68
1, 301568, Note_on_c, 0, 77, 0
1, 301710, Note_on_c, 0, 71, 0
1, 301715, Note_on_c, 0, 72, 63
1, 301720, Control_c, 0, 64, 127
1, 301753, Note_on_c, 0, 72, 0
1, 301792, Note_on_c, 0, 79, 0
1, 301909, Note_on_c, 0, 67, 65
1, 301909, Note_on_c, 0, 55, 90
1, 301913, Note_on_c, 0, 77, 72
1, 301935, Control_c, 0, 64, 0
1, 302038, Note_on_c, 0, 55, 0
1, 302107, Note_on_c, 0, 57, 78
1, 302196, Note_on_c, 0, 57, 0
1, 302289, Note_on_c, 0, 74, 77
1, 302292, Note_on_c, 0, 59, 81
1, 302328, Note_on_c, 0, 59, 0
1, 302333, Note_on_c, 0, 75, 0
1, 302470, Note_on_c, 0, 55, 86
1, 302561, Note_on_c, 0, 55, 0
1, 302649, Note_on_c, 0, 75, 62
1, 302661, Note_on_c, 0, 60, 67
1, 302703, Note_on_c, 0, 77, 0
1, 302726, Note_on_c, 0, 60, 0
1, 302843, Note_on_c, 0, 55, 70
1, 302902, Note_on_c, 0, 55, 0
1, 302905, Control_c, 0, 64, 127
1, 302990, Control_c, 0, 64, 0
1, 303019, Note_on_c, 0, 56, 65
1, 303019, Note_on_c, 0, 72, 61
1, 303068, Note_on_c, 0, 74, 0
1, 303072, Note_on_c, 0, 56, 0
1, 303205, Note_on_c, 0, 51, 76
1, 303242, Note_on_c, 0, 51, 0
1, 303328, Note_on_c, 0, 67, 0
1, 303406, Note_on_c, 0, 74, 85
1, 303412, Note_on_c, 0, 53, 97
1, 303448, Note_on_c, 0, 53, 0
1, 303595, Note_on_c, 0, 50, 73
1, 303636, Note_on_c, 0, 75, 0
1, 303648, Note_on_c, 0, 50, 0
1, 303796, Note_on_c, 0, 55, 66
1, 303810, Note_on_c, 0, 71, 55
1, 303870, Note_on_c, 0, 55, 0
1, 303880, Note_on_c, 0, 72, 0
1, 304015, Note_on_c, 0, 43, 64
1, 304114, Note_on_c, 0, 43, 0
1, 304267, Note_on_c, 0, 72, 56
1, 304278, Note_on_c, 0, 48, 41
1, 304336, Note_on_c, 0, 71, 0
1, 304414, Note_on_c, 0, 74, 0
1, 304567, Note_on_c, 0, 48, 0
1, 304827, Note_on_c, 0, 72, 0
1, 304841, Note_on_c, 0, 36, 30
1, 305255, Note_on_c, 0, 36, 0
1, 306163, Note_on_c, 0, 72, 54
1, 306206, Note_on_c, 0, 72, 0
1, 306509, Note_on_c, 0, 72, 46
1, 306561, Note_on_c, 0, 72, 0
1, 306827, Note_on_c, 0, 79, 66
1, 306871, Note_on_c, 0, 79, 0
1, 307181, Note_on_c, 0, 79, 66
1, 307531, Note_on_c, 0, 81, 66
1, 307537, Note_on_c, 0, 65, 38
1, 307581, Note_on_c, 0, 65, 0
1, 307877, Note_on_c, 0, 65, 46
1, 307882, Note_on_c, 0, 77, 46
1, 307916, Note_on_c, 0, 65, 0
1, 307961, Note_on_c, 0, 79, 0
1, 308217, Note_on_c, 0, 79, 60
1, 308227, Note_on_c, 0, 72, 43
1, 308281, Note_on_c, 0, 72, 0
1, 308291, Note_on_c, 0, 81, 0
1, 308575, Note_on_c, 0, 76, 36
1, 308582, Note_on_c, 0, 72, 36
1, 308629, Note_on_c, 0, 72, 0
1, 308640, Note_on_c, 0, 77, 0
1, 308918, Note_on_c, 0, 77, 55
1, 308918, Note_on_c, 0, 55, 55
1, 308977, Note_on_c, 0, 55, 0
1, 309013, Note_on_c, 0, 79, 0
1, 309255, Note_on_c, 0, 74, 44
1, 309262, Note_on_c, 0, 55, 57
1, 309308, Note_on_c, 0, 55, 0
1, 309530, Note_on_c, 0, 76, 0
1, 309578, Note_on_c, 0, 76, 36
1, 309587, Note_on_c, 0, 60, 70
1, 309629, Note_on_c, 0, 60, 0
1, 309701, Note_on_c, 0, 74, 0
1, 309827, Note_on_c, 0, 77, 0
1, 309913, Note_on_c, 0, 72, 53
1, 309921, Note_on_c, 0, 60, 58
1, 309957, Note_on_c, 0, 72, 0
1, 309963, Note_on_c, 0, 60, 0
1, 310072, Note_on_c, 0, 72, 86
1, 310166, Note_on_c, 0, 72, 0
1, 310231, Note_on_c, 0, 76, 0
1, 310236, Note_on_c, 0, 72, 65
1, 310241, Note_on_c, 0, 62, 81
1, 310241, Note_on_c, 0, 65, 73
1, 310253, Note_on_c, 0, 43, 74
1, 310256, Note_on_c, 0, 31, 55
1, 310286, Note_on_c, 0, 43, 0
1, 310305, Note_on_c, 0, 31, 0
1, 310408, Note_on_c, 0, 71, 91
1, 310442, Note_on_c, 0, 72, 0
1, 310567, Note_on_c, 0, 31, 84
1, 310567, Note_on_c, 0, 43, 72
1, 310576, Note_on_c, 0, 69, 77
1, 310599, Note_on_c, 0, 31, 0
1, 310602, Note_on_c, 0, 71, 0
1, 310602, Note_on_c, 0, 43, 0
1, 310752, Note_on_c, 0, 71, 96
1, 310765, Note_on_c, 0, 62, 0
1, 310787, Note_on_c, 0, 65, 0
1, 310818, Note_on_c, 0, 69, 0
1, 310932, Note_on_c, 0, 72, 89
1, 310932, Note_on_c, 0, 64, 76
1, 310940, Note_on_c, 0, 36, 67
1, 310949, Note_on_c, 0, 71, 0
1, 311116, Control_c, 0, 64, 127
1, 311138, Note_on_c, 0, 36, 0
1, 311155, Note_on_c, 0, 64, 0
1, 311209, Note_on_c, 0, 72, 0
1, 311272, Control_c, 0, 64, 0
1, 311587, Note_on_c, 0, 72, 47
1, 311652, Note_on_c, 0, 72, 0
1, 311929, Note_on_c, 0, 72, 47
1, 311985, Note_on_c, 0, 72, 0
1, 312267, Note_on_c, 0, 79, 52
1, 312323, Note_on_c, 0, 79, 0
1, 312632, Note_on_c, 0, 79, 56
1, 312972, Note_on_c, 0, 81, 60
1, 312972, Note_on_c, 0, 65, 25
1, 313047, Note_on_c, 0, 65, 0
1, 313331, Note_on_c, 0, 65, 37
1, 313340, Note_on_c, 0, 77, 34
1, 313375, Note_on_c, 0, 65, 0
1, 313400, Note_on_c, 0, 79, 0
1, 313663, Note_on_c, 0, 79, 65
1, 313668, Note_on_c, 0, 72, 46
1, 313727, Note_on_c, 0, 81, 0
1, 313740, Note_on_c, 0, 72, 0
1, 314011, Note_on_c, 0, 76, 37
1, 314017, Note_on_c, 0, 72, 53
1, 314058, Note_on_c, 0, 72, 0
1, 314066, Note_on_c, 0, 77, 0
1, 314342, Note_on_c, 0, 77, 60
1, 314348, Note_on_c, 0, 55, 60
1, 314404, Note_on_c, 0, 55, 0
1, 314409, Note_on_c, 0, 79, 0
1, 314693, Note_on_c, 0, 74, 47
1, 314693, Note_on_c, 0, 55, 54
1, 314743, Note_on_c, 0, 55, 0
1, 314754, Note_on_c, 0, 76, 0
1, 315005, Note_on_c, 0, 76, 56
1, 315010, Note_on_c, 0, 60, 43
1, 315066, Note_on_c, 0, 60, 0
1, 315069, Note_on_c, 0, 77, 0
1, 315314, Note_on_c, 0, 72, 50
1, 315322, Note_on_c, 0, 60, 57
1, 315339, Note_on_c, 0, 74, 0
1, 315348, Note_on_c, 0, 76, 0
1, 315364, Note_on_c, 0, 60, 0
1, 315364, Note_on_c, 0, 72, 0
1, 315488, Note_on_c, 0, 72, 40
1, 315537, Note_on_c, 0, 72, 0
1, 315648, Note_on_c, 0, 72, 94
1, 315651, Note_on_c, 0, 62, 80
1, 315655, Note_on_c, 0, 65, 73
1, 315655, Note_on_c, 0, 43, 75
1, 315658, Note_on_c, 0, 31, 75
1, 315710, Note_on_c, 0, 31, 0
1, 315710, Note_on_c, 0, 43, 0
1, 315821, Note_on_c, 0, 71, 92
1, 315847, Note_on_c, 0, 72, 0
1, 315980, Note_on_c, 0, 31, 84
1, 315985, Note_on_c, 0, 69, 72
1, 315985, Note_on_c, 0, 43, 69
1, 315988, Note_on_c, 0, 71, 0
1, 316011, Note_on_c, 0, 31, 0
1, 316020, Note_on_c, 0, 43, 0
1, 316155, Note_on_c, 0, 71, 92
1, 316176, Note_on_c, 0, 65, 0
1, 316214, Note_on_c, 0, 62, 0
1, 316219, Note_on_c, 0, 69, 0
1, 316343, Note_on_c, 0, 72, 89
1, 316353, Note_on_c, 0, 36, 68
1, 316353, Note_on_c, 0, 64, 73
1, 316368, Note_on_c, 0, 71, 0
1, 316545, Control_c, 0, 64, 127
1, 316579, Note_on_c, 0, 64, 0
1, 316587, Note_on_c, 0, 36, 0
1, 316640, Note_on_c, 0, 72, 0
1, 316688, Control_c, 0, 64, 0
1, 317000, Note_on_c, 0, 79, 68
1, 317061, Note_on_c, 0, 79, 0
1, 317367, Note_on_c, 0, 79, 68
1, 317434, Note_on_c, 0, 79, 0
1, 317690, Note_on_c, 0, 77, 64
1, 317744, Note_on_c, 0, 77, 0
1, 318019, Note_on_c, 0, 77, 71
1, 318078, Note_on_c, 0, 77, 0
1, 318348, Note_on_c, 0, 76, 52
1, 318362, Note_on_c, 0, 72, 34
1, 318374, Note_on_c, 0, 67, 29
1, 318412, Note_on_c, 0, 72, 0
1, 318417, Note_on_c, 0, 76, 0
1, 318431, Note_on_c, 0, 67, 0
1, 318680, Note_on_c, 0, 76, 45
1, 318685, Note_on_c, 0, 72, 45
1, 318705, Note_on_c, 0, 67, 34
1, 318732, Note_on_c, 0, 72, 0
1, 318758, Note_on_c, 0, 67, 0
1, 318927, Note_on_c, 0, 76, 0
1, 318942, Note_on_c, 0, 77, 56
1, 319017, Note_on_c, 0, 77, 0
1, 319020, Note_on_c, 0, 76, 41
1, 319039, Note_on_c, 0, 71, 52
1, 319055, Note_on_c, 0, 65, 22
1, 319090, Note_on_c, 0, 71, 0
1, 319109, Note_on_c, 0, 65, 0
1, 319385, Note_on_c, 0, 76, 0
1, 319385, Note_on_c, 0, 74, 49
1, 319392, Note_on_c, 0, 71, 41
1, 319398, Note_on_c, 0, 65, 35
1, 319440, Note_on_c, 0, 71, 0
1, 319445, Note_on_c, 0, 65, 0
1, 319459, Note_on_c, 0, 74, 0
1, 319724, Note_on_c, 0, 67, 39
1, 319724, Note_on_c, 0, 72, 50
1, 319741, Note_on_c, 0, 64, 49
1, 319757, Note_on_c, 0, 55, 29
1, 319786, Note_on_c, 0, 72, 0
1, 319786, Note_on_c, 0, 64, 0
1, 319808, Note_on_c, 0, 55, 0
1, 320078, Note_on_c, 0, 72, 51
1, 320089, Note_on_c, 0, 64, 49
1, 320095, Note_on_c, 0, 55, 51
1, 320131, Note_on_c, 0, 64, 0
1, 320147, Note_on_c, 0, 55, 0
1, 320173, Note_on_c, 0, 72, 0
1, 320282, Note_on_c, 0, 67, 0
1, 320412, Note_on_c, 0, 67, 64
1, 320418, Note_on_c, 0, 72, 59
1, 320431, Note_on_c, 0, 53, 65
1, 320431, Note_on_c, 0, 62, 40
1, 320482, Note_on_c, 0, 53, 0
1, 320482, Note_on_c, 0, 62, 0
1, 320494, Note_on_c, 0, 72, 0
1, 320594, Note_on_c, 0, 71, 70
1, 320689, Note_on_c, 0, 71, 0
1, 320744, Note_on_c, 0, 69, 62
1, 320757, Note_on_c, 0, 62, 56
1, 320769, Note_on_c, 0, 53, 71
1, 320800, Note_on_c, 0, 62, 0
1, 320817, Note_on_c, 0, 53, 0
1, 320877, Note_on_c, 0, 67, 0
1, 320914, Note_on_c, 0, 71, 79
1, 320953, Note_on_c, 0, 69, 0
1, 321086, Note_on_c, 0, 71, 0
1, 321086, Note_on_c, 0, 72, 75
1, 321090, Note_on_c, 0, 67, 71
1, 321095, Note_on_c, 0, 52, 76
1, 321103, Note_on_c, 0, 43, 53
1, 321150, Note_on_c, 0, 52, 0
1, 321156, Note_on_c, 0, 43, 0
1, 321156, Note_on_c, 0, 72, 0
1, 321256, Note_on_c, 0, 72, 77
1, 321351, Note_on_c, 0, 72, 0
1, 321413, Note_on_c, 0, 74, 87
1, 321416, Note_on_c, 0, 52, 88
1, 321420, Note_on_c, 0, 43, 75
1, 321454, Note_on_c, 0, 52, 0
1, 321460, Note_on_c, 0, 43, 0
1, 321505, Note_on_c, 0, 74, 0
1, 321574, Note_on_c, 0, 76, 89
1, 321610, Note_on_c, 0, 67, 0
1, 321657, Note_on_c, 0, 76, 0
1, 321739, Note_on_c, 0, 77, 99
1, 321744, Note_on_c, 0, 67, 86
1, 321744, Note_on_c, 0, 50, 83
1, 321752, Note_on_c, 0, 41, 73
1, 321783, Note_on_c, 0, 67, 0
1, 321796, Note_on_c, 0, 41, 0
1, 321800, Note_on_c, 0, 50, 0
1, 321835, Note_on_c, 0, 77, 0
1, 321895, Note_on_c, 0, 79, 99
1, 321987, Note_on_c, 0, 79, 0
1, 322062, Note_on_c, 0, 50, 87
1, 322062, Note_on_c, 0, 81, 100
1, 322067, Note_on_c, 0, 41, 88
1, 322103, Note_on_c, 0, 41, 0
1, 322109, Note_on_c, 0, 50, 0
1, 322132, Note_on_c, 0, 81, 0
1, 322212, Note_on_c, 0, 83, 115
1, 322279, Note_on_c, 0, 83, 0
1, 322396, Note_on_c, 0, 84, 94
1, 322402, Note_on_c, 0, 48, 49
1, 322402, Note_on_c, 0, 40, 70
1, 322476, Note_on_c, 0, 84, 0
1, 322568, Note_on_c, 0, 48, 0
1, 322576, Note_on_c, 0, 40, 0
1, 322747, Note_on_c, 0, 84, 83
1, 322814, Note_on_c, 0, 84, 0
1, 323090, Note_on_c, 0, 79, 56
1, 323145, Note_on_c, 0, 79, 0
1, 323440, Note_on_c, 0, 79, 62
1, 323494, Note_on_c, 0, 79, 0
1, 323767, Note_on_c, 0, 77, 40
1, 323778, Note_on_c, 0, 81, 43
1, 323822, Note_on_c, 0, 77, 0
1, 323825, Note_on_c, 0, 81, 0
1, 324112, Note_on_c, 0, 81, 40
1, 324120, Note_on_c, 0, 77, 30
1, 324171, Note_on_c, 0, 81, 0
1, 324176, Note_on_c, 0, 77, 0
1, 324441, Note_on_c, 0, 72, 30
1, 324441, Note_on_c, 0, 79, 53
1, 324504, Note_on_c, 0, 79, 0
1, 324515, Note_on_c, 0, 72, 0
1, 324753, Note_on_c, 0, 76, 41
1, 324764, Note_on_c, 0, 72, 36
1, 324831, Note_on_c, 0, 72, 0
1, 325001, Note_on_c, 0, 76, 0
1, 325009, Note_on_c, 0, 79, 52
1, 325061, Note_on_c, 0, 79, 0
1, 325082, Note_on_c, 0, 71, 43
1, 325092, Note_on_c, 0, 77, 41
1, 325104, Note_on_c, 0, 67, 39
1, 325156, Note_on_c, 0, 67, 0
1, 325168, Note_on_c, 0, 77, 0
1, 325192, Note_on_c, 0, 71, 0
1, 325413, Note_on_c, 0, 74, 57
1, 325429, Note_on_c, 0, 71, 31
1, 325438, Note_on_c, 0, 67, 39
1, 325490, Note_on_c, 0, 67, 0
1, 325524, Note_on_c, 0, 71, 0
1, 325633, Note_on_c, 0, 74, 0
1, 325647, Note_on_c, 0, 77, 46
1, 325692, Note_on_c, 0, 77, 0
1, 325735, Note_on_c, 0, 60, 46
1, 325738, Note_on_c, 0, 72, 44
1, 325738, Note_on_c, 0, 76, 43
1, 325781, Note_on_c, 0, 76, 0
1, 325784, Note_on_c, 0, 60, 0
1, 325788, Note_on_c, 0, 72, 0
1, 326054, Note_on_c, 0, 72, 47
1, 326054, Note_on_c, 0, 67, 51
1, 326062, Note_on_c, 0, 64, 44
1, 326062, Note_on_c, 0, 60, 53
1, 326100, Note_on_c, 0, 67, 0
1, 326114, Note_on_c, 0, 60, 0
1, 326114, Note_on_c, 0, 64, 0
1, 326137, Note_on_c, 0, 72, 0
1, 326387, Note_on_c, 0, 62, 81
1, 326387, Note_on_c, 0, 65, 72
1, 326393, Note_on_c, 0, 72, 81
1, 326393, Note_on_c, 0, 31, 89
1, 326399, Note_on_c, 0, 43, 55
1, 326502, Note_on_c, 0, 31, 0
1, 326502, Note_on_c, 0, 43, 0
1, 326560, Note_on_c, 0, 71, 94
1, 326589, Note_on_c, 0, 72, 0
1, 326719, Note_on_c, 0, 69, 80
1, 326725, Note_on_c, 0, 31, 84
1, 326725, Note_on_c, 0, 43, 83
1, 326756, Note_on_c, 0, 71, 0
1, 326756, Note_on_c, 0, 31, 0
1, 326786, Note_on_c, 0, 43, 0
1, 326884, Note_on_c, 0, 71, 92
1, 326947, Note_on_c, 0, 69, 0
1, 326981, Note_on_c, 0, 62, 0
1, 327081, Note_on_c, 0, 64, 78
1, 327081, Note_on_c, 0, 72, 86
1, 327081, Note_on_c, 0, 48, 60
1, 327090, Note_on_c, 0, 36, 64
1, 327090, Note_on_c, 0, 65, 0
1, 327107, Note_on_c, 0, 71, 0
1, 327259, Control_c, 0, 64, 127
1, 327310, Note_on_c, 0, 36, 0
1, 327340, Note_on_c, 0, 48, 0
1, 327366, Note_on_c, 0, 64, 0
1, 327391, Note_on_c, 0, 72, 0
1, 327415, Control_c, 0, 64, 0
1, 327763, Note_on_c, 0, 79, 65
1, 327812, Note_on_c, 0, 79, 0
1, 328112, Note_on_c, 0, 79, 66
1, 328170, Note_on_c, 0, 79, 0
1, 328465, Note_on_c, 0, 77, 49
1, 328513, Note_on_c, 0, 77, 0
1, 328822, Note_on_c, 0, 77, 48
1, 328881, Note_on_c, 0, 77, 0
1, 329143, Note_on_c, 0, 76, 44
1, 329170, Note_on_c, 0, 72, 25
1, 329173, Note_on_c, 0, 67, 22
1, 329215, Note_on_c, 0, 76, 0
1, 329224, Note_on_c, 0, 72, 0
1, 329232, Note_on_c, 0, 67, 0
1, 329488, Note_on_c, 0, 76, 50
1, 329497, Note_on_c, 0, 72, 39
1, 329514, Note_on_c, 0, 67, 41
1, 329549, Note_on_c, 0, 72, 0
1, 329561, Note_on_c, 0, 67, 0
1, 329759, Note_on_c, 0, 76, 0
1, 329766, Note_on_c, 0, 77, 52
1, 329823, Note_on_c, 0, 77, 0
1, 329839, Note_on_c, 0, 76, 50
1, 329859, Note_on_c, 0, 71, 43
1, 329865, Note_on_c, 0, 65, 34
1, 329912, Note_on_c, 0, 71, 0
1, 329920, Note_on_c, 0, 65, 0
1, 330193, Note_on_c, 0, 76, 0
1, 330193, Note_on_c, 0, 74, 51
1, 330207, Note_on_c, 0, 71, 38
1, 330212, Note_on_c, 0, 65, 32
1, 330257, Note_on_c, 0, 71, 0
1, 330262, Note_on_c, 0, 65, 0
1, 330298, Note_on_c, 0, 74, 0
1, 330538, Note_on_c, 0, 72, 56
1, 330538, Note_on_c, 0, 67, 53
1, 330549, Note_on_c, 0, 55, 56
1, 330553, Note_on_c, 0, 64, 45
1, 330592, Note_on_c, 0, 55, 0
1, 330602, Note_on_c, 0, 64, 0
1, 330631, Note_on_c, 0, 72, 0
1, 330881, Note_on_c, 0, 72, 59
1, 330889, Note_on_c, 0, 64, 47
1, 330940, Note_on_c, 0, 64, 0
1, 331179, Note_on_c, 0, 67, 0
1, 331219, Note_on_c, 0, 62, 47
1, 331224, Note_on_c, 0, 67, 48
1, 331230, Note_on_c, 0, 53, 59
1, 331274, Note_on_c, 0, 62, 0
1, 331274, Note_on_c, 0, 53, 0
1, 331404, Note_on_c, 0, 71, 67
1, 331463, Note_on_c, 0, 72, 0
1, 331553, Note_on_c, 0, 71, 0
1, 331570, Note_on_c, 0, 69, 54
1, 331570, Note_on_c, 0, 62, 48
1, 331575, Note_on_c, 0, 53, 71
1, 331614, Note_on_c, 0, 53, 0
1, 331614, Note_on_c, 0, 62, 0
1, 331723, Note_on_c, 0, 71, 83
1, 331758, Note_on_c, 0, 67, 0
1, 331784, Note_on_c, 0, 69, 0
1, 331884, Note_on_c, 0, 67, 66
1, 331884, Note_on_c, 0, 71, 0
1, 331890, Note_on_c, 0, 72, 80
1, 331893, Note_on_c, 0, 52, 70
1, 331903, Note_on_c, 0, 43, 52
1, 331936, Note_on_c, 0, 52, 0
1, 331956, Note_on_c, 0, 43, 0
1, 331973, Note_on_c, 0, 72, 0
1, 332057, Note_on_c, 0, 72, 72
1, 332149, Note_on_c, 0, 72, 0
1, 332218, Note_on_c, 0, 52, 80
1, 332218, Note_on_c, 0, 74, 89
1, 332226, Note_on_c, 0, 43, 60
1, 332255, Note_on_c, 0, 52, 0
1, 332269, Note_on_c, 0, 43, 0
1, 332310, Note_on_c, 0, 74, 0
1, 332377, Note_on_c, 0, 76, 91
1, 332418, Note_on_c, 0, 67, 0
1, 332464, Note_on_c, 0, 76, 0
1, 332536, Note_on_c, 0, 67, 78
1, 332536, Note_on_c, 0, 77, 94
1, 332536, Note_on_c, 0, 50, 72
1, 332549, Note_on_c, 0, 41, 63
1, 332600, Note_on_c, 0, 41, 0
1, 332608, Note_on_c, 0, 50, 0
1, 332617, Note_on_c, 0, 67, 0
1, 332650, Note_on_c, 0, 77, 0
1, 332684, Note_on_c, 0, 79, 105
1, 332772, Note_on_c, 0, 79, 0
1, 332843, Note_on_c, 0, 50, 81
1, 332843, Note_on_c, 0, 81, 93
1, 332846, Note_on_c, 0, 41, 81
1, 332887, Note_on_c, 0, 41, 0
1, 332887, Note_on_c, 0, 50, 0
1, 332914, Note_on_c, 0, 81, 0
1, 332999, Note_on_c, 0, 83, 119
1, 333079, Note_on_c, 0, 83, 0
1, 333176, Note_on_c, 0, 84, 106
1, 333180, Note_on_c, 0, 48, 55
1, 333185, Note_on_c, 0, 40, 74
1, 333252, Note_on_c, 0, 84, 0
1, 333361, Note_on_c, 0, 40, 0
1, 333369, Note_on_c, 0, 48, 0
1, 333535, Note_on_c, 0, 84, 78
1, 333578, Note_on_c, 0, 84, 0
1, 333872, Note_on_c, 0, 79, 40
1, 333931, Note_on_c, 0, 79, 0
1, 334215, Note_on_c, 0, 79, 38
1, 334274, Note_on_c, 0, 79, 0
1, 334555, Note_on_c, 0, 81, 34
1, 334555, Note_on_c, 0, 77, 38
1, 334606, Note_on_c, 0, 77, 0
1, 334611, Note_on_c, 0, 81, 0
1, 334887, Note_on_c, 0, 77, 38
1, 334892, Note_on_c, 0, 81, 44
1, 334939, Note_on_c, 0, 77, 0
1, 334939, Note_on_c, 0, 81, 0
1, 335210, Note_on_c, 0, 72, 24
1, 335213, Note_on_c, 0, 79, 45
1, 335268, Note_on_c, 0, 79, 0
1, 335276, Note_on_c, 0, 72, 0
1, 335536, Note_on_c, 0, 76, 46
1, 335542, Note_on_c, 0, 72, 37
1, 335604, Note_on_c, 0, 72, 0
1, 335782, Note_on_c, 0, 76, 0
1, 335782, Note_on_c, 0, 79, 52
1, 335837, Note_on_c, 0, 79, 0
1, 335868, Note_on_c, 0, 71, 48
1, 335875, Note_on_c, 0, 77, 44
1, 335879, Note_on_c, 0, 67, 45
1, 335929, Note_on_c, 0, 67, 0
1, 335953, Note_on_c, 0, 71, 0
1, 336024, Note_on_c, 0, 77, 0
1, 336197, Note_on_c, 0, 74, 45
1, 336197, Note_on_c, 0, 71, 43
1, 336215, Note_on_c, 0, 67, 34
1, 336269, Note_on_c, 0, 67, 0
1, 336286, Note_on_c, 0, 71, 0
1, 336446, Note_on_c, 0, 74, 0
1, 336455, Note_on_c, 0, 77, 40
1, 336499, Note_on_c, 0, 77, 0
1, 336517, Note_on_c, 0, 72, 43
1, 336525, Note_on_c, 0, 76, 41
1, 336539, Note_on_c, 0, 60, 41
1, 336573, Note_on_c, 0, 76, 0
1, 336573, Note_on_c, 0, 72, 0
1, 336591, Note_on_c, 0, 60, 0
1, 336857, Note_on_c, 0, 67, 39
1, 336860, Note_on_c, 0, 72, 32
1, 336867, Note_on_c, 0, 64, 31
1, 336881, Note_on_c, 0, 60, 35
1, 336920, Note_on_c, 0, 67, 0
1, 336935, Note_on_c, 0, 72, 0
1, 336935, Note_on_c, 0, 60, 0
1, 336943, Note_on_c, 0, 64, 0
1, 337197, Note_on_c, 0, 65, 69
1, 337201, Note_on_c, 0, 43, 89
1, 337201, Note_on_c, 0, 31, 95
1, 337201, Note_on_c, 0, 72, 76
1, 337204, Note_on_c, 0, 62, 72
1, 337272, Note_on_c, 0, 31, 0
1, 337279, Note_on_c, 0, 43, 0
1, 337382, Note_on_c, 0, 71, 79
1, 337385, Note_on_c, 0, 72, 0
1, 337586, Note_on_c, 0, 31, 90
1, 337586, Note_on_c, 0, 43, 79
1, 337592, Note_on_c, 0, 69, 66
1, 337622, Note_on_c, 0, 71, 0
1, 337631, Note_on_c, 0, 31, 0
1, 337665, Note_on_c, 0, 43, 0
1, 337818, Note_on_c, 0, 71, 82
1, 337839, Note_on_c, 0, 69, 0
1, 337990, Note_on_c, 0, 62, 0
1, 338105, Note_on_c, 0, 72, 69
1, 338108, Note_on_c, 0, 64, 65
1, 338108, Note_on_c, 0, 48, 47
1, 338118, Note_on_c, 0, 36, 48
1, 338166, Note_on_c, 0, 65, 0
1, 338172, Note_on_c, 0, 71, 0
1, 338764, Note_on_c, 0, 48, 0
1, 338778, Note_on_c, 0, 64, 0
1, 338793, Note_on_c, 0, 36, 0
1, 338828, Note_on_c, 0, 72, 0
1, 339626, Note_on_c, 0, 36, 24
1, 339629, Note_on_c, 0, 48, 19
1, 339651, Control_c, 0, 64, 127
1, 339728, Note_on_c, 0, 36, 0
1, 339768, Note_on_c, 0, 48, 0
1, 339798, Note_on_c, 0, 64, 12
1, 339868, Note_on_c, 0, 64, 0
1, 339920, Note_on_c, 0, 72, 18
1, 339982, Note_on_c, 0, 72, 0
1, 340012, Note_on_c, 0, 64, 43
1, 340054, Note_on_c, 0, 64, 0
1, 340166, Note_on_c, 0, 72, 51
1, 340278, Note_on_c, 0, 64, 44
1, 340333, Note_on_c, 0, 64, 0
1, 340369, Note_on_c, 0, 72, 0
1, 340404, Note_on_c, 0, 67, 18
1, 340466, Note_on_c, 0, 67, 0
1, 340496, Note_on_c, 0, 64, 43
1, 340538, Note_on_c, 0, 64, 0
1, 340548, Note_on_c, 0, 79, 71
1, 340648, Note_on_c, 0, 64, 51
1, 340695, Note_on_c, 0, 64, 0
1, 340731, Note_on_c, 0, 72, 30
1, 340784, Note_on_c, 0, 79, 0
1, 340812, Note_on_c, 0, 72, 0
1, 340812, Note_on_c, 0, 64, 48
1, 340860, Note_on_c, 0, 64, 0
1, 340904, Note_on_c, 0, 79, 87
1, 340980, Control_c, 0, 64, 0
1, 340991, Note_on_c, 0, 64, 48
1, 341046, Note_on_c, 0, 64, 0
1, 341076, Note_on_c, 0, 72, 57
1, 341101, Control_c, 0, 64, 127
1, 341133, Note_on_c, 0, 72, 0
1, 341144, Note_on_c, 0, 79, 0
1, 341166, Note_on_c, 0, 64, 55
1, 341210, Note_on_c, 0, 64, 0
1, 341246, Note_on_c, 0, 81, 87
1, 341305, Control_c, 0, 64, 0
1, 341333, Note_on_c, 0, 65, 46
1, 341400, Note_on_c, 0, 65, 0
1, 341416, Note_on_c, 0, 72, 50
1, 341472, Control_c, 0, 64, 127
1, 341489, Note_on_c, 0, 72, 0
1, 341494, Note_on_c, 0, 81, 0
1, 341494, Note_on_c, 0, 65, 40
1, 341564, Note_on_c, 0, 65, 0
1, 341597, Note_on_c, 0, 81, 66
1, 341604, Control_c, 0, 64, 0
1, 341686, Note_on_c, 0, 65, 31
1, 341746, Note_on_c, 0, 65, 0
1, 341771, Note_on_c, 0, 72, 42
1, 341771, Control_c, 0, 64, 127
1, 341831, Note_on_c, 0, 72, 0
1, 341837, Note_on_c, 0, 65, 31
1, 341848, Note_on_c, 0, 81, 0
1, 341882, Note_on_c, 0, 65, 0
1, 341940, Control_c, 0, 64, 0
1, 341960, Note_on_c, 0, 79, 61
1, 342027, Note_on_c, 0, 64, 41
1, 342071, Note_on_c, 0, 79, 0
1, 342080, Note_on_c, 0, 64, 0
1, 342096, Control_c, 0, 64, 127
1, 342122, Note_on_c, 0, 72, 38
1, 342185, Note_on_c, 0, 72, 0
1, 342217, Note_on_c, 0, 64, 36
1, 342264, Note_on_c, 0, 64, 0
1, 342375, Note_on_c, 0, 61, 80
1, 342384, Note_on_c, 0, 49, 70
1, 342459, Note_on_c, 0, 70, 54
1, 342503, Control_c, 0, 64, 0
1, 342551, Note_on_c, 0, 70, 0
1, 342561, Note_on_c, 0, 79, 66
1, 342564, Note_on_c, 0, 76, 53
1, 342637, Note_on_c, 0, 70, 55
1, 342647, Note_on_c, 0, 49, 0
1, 342653, Note_on_c, 0, 61, 0
1, 342659, Control_c, 0, 64, 127
1, 342668, Note_on_c, 0, 79, 0
1, 342668, Note_on_c, 0, 76, 0
1, 342715, Note_on_c, 0, 70, 0
1, 342729, Note_on_c, 0, 62, 91
1, 342739, Note_on_c, 0, 50, 82
1, 342743, Control_c, 0, 64, 0
1, 342807, Note_on_c, 0, 69, 66
1, 342879, Note_on_c, 0, 69, 0
1, 342895, Note_on_c, 0, 78, 76
1, 342904, Note_on_c, 0, 74, 73
1, 342923, Note_on_c, 0, 62, 0
1, 342923, Control_c, 0, 64, 127
1, 342958, Note_on_c, 0, 50, 0
1, 342985, Note_on_c, 0, 69, 62
1, 342990, Note_on_c, 0, 78, 0
1, 343013, Note_on_c, 0, 74, 0
1, 343030, Note_on_c, 0, 69, 0
1, 343055, Control_c, 0, 64, 0
1, 343058, Note_on_c, 0, 59, 91
1, 343061, Note_on_c, 0, 47, 86
1, 343132, Note_on_c, 0, 68, 74
1, 343221, Note_on_c, 0, 74, 76
1, 343228, Note_on_c, 0, 68, 0
1, 343234, Note_on_c, 0, 77, 74
1, 343269, Note_on_c, 0, 47, 0
1, 343269, Control_c, 0, 64, 127
1, 343277, Note_on_c, 0, 59, 0
1, 343292, Note_on_c, 0, 68, 52
1, 343325, Note_on_c, 0, 74, 0
1, 343331, Note_on_c, 0, 77, 0
1, 343366, Control_c, 0, 64, 0
1, 343384, Note_on_c, 0, 60, 83
1, 343387, Note_on_c, 0, 68, 0
1, 343387, Note_on_c, 0, 48, 82
1, 343467, Note_on_c, 0, 67, 75
1, 343553, Note_on_c, 0, 72, 67
1, 343553, Note_on_c, 0, 67, 0
1, 343558, Note_on_c, 0, 76, 77
1, 343562, Note_on_c, 0, 60, 0
1, 343570, Control_c, 0, 64, 127
1, 343609, Note_on_c, 0, 48, 0
1, 343636, Note_on_c, 0, 67, 69
1, 343664, Note_on_c, 0, 76, 0
1, 343670, Note_on_c, 0, 72, 0
1, 343690, Note_on_c, 0, 67, 0
1, 343706, Note_on_c, 0, 54, 89
1, 343715, Note_on_c, 0, 42, 70
1, 343726, Control_c, 0, 64, 0
1, 343804, Note_on_c, 0, 69, 62
1, 343885, Note_on_c, 0, 75, 76
1, 343885, Note_on_c, 0, 69, 0
1, 343893, Note_on_c, 0, 72, 73
1, 343941, Control_c, 0, 64, 127
1, 343948, Note_on_c, 0, 42, 0
1, 343965, Note_on_c, 0, 69, 54
1, 343969, Note_on_c, 0, 54, 0
1, 343994, Note_on_c, 0, 72, 0
1, 344008, Note_on_c, 0, 75, 0
1, 344032, Note_on_c, 0, 69, 0
1, 344044, Note_on_c, 0, 55, 85
1, 344049, Control_c, 0, 64, 0
1, 344052, Note_on_c, 0, 43, 66
1, 344128, Note_on_c, 0, 67, 72
1, 344192, Note_on_c, 0, 55, 0
1, 344202, Note_on_c, 0, 67, 0
1, 344222, Note_on_c, 0, 43, 0
1, 344222, Note_on_c, 0, 72, 62
1, 344231, Note_on_c, 0, 74, 70
1, 344241, Control_c, 0, 64, 127
1, 344283, Note_on_c, 0, 72, 0
1, 344314, Note_on_c, 0, 67, 60
1, 344344, Note_on_c, 0, 74, 0
1, 344358, Note_on_c, 0, 67, 0
1, 344397, Note_on_c, 0, 43, 73
1, 344397, Control_c, 0, 64, 0
1, 344472, Note_on_c, 0, 65, 64
1, 344533, Note_on_c, 0, 65, 0
1, 344559, Note_on_c, 0, 71, 65
1, 344564, Note_on_c, 0, 43, 0
1, 344564, Note_on_c, 0, 74, 57
1, 344589, Control_c, 0, 64, 127
1, 344601, Note_on_c, 0, 74, 0
1, 344648, Note_on_c, 0, 65, 53
1, 344660, Note_on_c, 0, 71, 0
1, 344684, Control_c, 0, 64, 0
1, 344693, Note_on_c, 0, 65, 0
1, 344748, Note_on_c, 0, 48, 54
1, 344753, Note_on_c, 0, 64, 61
1, 344756, Note_on_c, 0, 72, 60
1, 344893, Note_on_c, 0, 48, 0
1, 344924, Control_c, 0, 64, 127
1, 344996, Control_c, 0, 64, 0
1, 345099, Note_on_c, 0, 64, 0
1, 345116, Note_on_c, 0, 36, 53
1, 345133, Note_on_c, 0, 72, 0
1, 345236, Control_c, 0, 64, 127
1, 345270, Note_on_c, 0, 36, 0
1, 345356, Control_c, 0, 64, 0
1, 345473, Note_on_c, 0, 36, 58
1, 345489, Note_on_c, 0, 48, 37
1, 345522, Note_on_c, 0, 36, 0
1, 345554, Note_on_c, 0, 48, 0
1, 345572, Control_c, 0, 64, 127
1, 345579, Note_on_c, 0, 64, 39
1, 345629, Note_on_c, 0, 64, 0
1, 345654, Note_on_c, 0, 72, 46
1, 345701, Note_on_c, 0, 72, 0
1, 345738, Note_on_c, 0, 64, 46
1, 345781, Note_on_c, 0, 64, 0
1, 345844, Note_on_c, 0, 72, 74
1, 345877, Note_on_c, 0, 72, 0
1, 345943, Note_on_c, 0, 64, 59
1, 345990, Note_on_c, 0, 64, 0
1, 346025, Note_on_c, 0, 72, 38
1, 346093, Note_on_c, 0, 72, 0
1, 346124, Note_on_c, 0, 64, 45
1, 346172, Note_on_c, 0, 64, 0
1, 346205, Note_on_c, 0, 79, 80
1, 346219, Control_c, 0, 64, 0
1, 346312, Note_on_c, 0, 64, 46
1, 346356, Note_on_c, 0, 64, 0
1, 346381, Note_on_c, 0, 72, 47
1, 346398, Control_c, 0, 64, 127
1, 346436, Note_on_c, 0, 72, 0
1, 346440, Note_on_c, 0, 79, 0
1, 346444, Note_on_c, 0, 64, 46
1, 346498, Note_on_c, 0, 64, 0
1, 346543, Note_on_c, 0, 79, 98
1, 346567, Control_c, 0, 64, 0
1, 346623, Note_on_c, 0, 64, 61
1, 346673, Note_on_c, 0, 64, 0
1, 346715, Note_on_c, 0, 72, 54
1, 346759, Control_c, 0, 64, 127
1, 346771, Note_on_c, 0, 72, 0
1, 346788, Note_on_c, 0, 79, 0
1, 346799, Note_on_c, 0, 64, 57
1, 346838, Note_on_c, 0, 64, 0
1, 346877, Control_c, 0, 64, 0
1, 346893, Note_on_c, 0, 81, 84
1, 346985, Note_on_c, 0, 65, 47
1, 347038, Note_on_c, 0, 65, 0
1, 347078, Note_on_c, 0, 72, 45
1, 347117, Control_c, 0, 64, 127
1, 347136, Note_on_c, 0, 72, 0
1, 347155, Note_on_c, 0, 81, 0
1, 347163, Note_on_c, 0, 65, 45
1, 347208, Note_on_c, 0, 65, 0
1, 347247, Note_on_c, 0, 81, 66
1, 347247, Control_c, 0, 64, 0
1, 347322, Note_on_c, 0, 65, 39
1, 347373, Note_on_c, 0, 65, 0
1, 347414, Note_on_c, 0, 72, 46
1, 347429, Control_c, 0, 64, 127
1, 347472, Note_on_c, 0, 72, 0
1, 347489, Note_on_c, 0, 65, 30
1, 347509, Note_on_c, 0, 81, 0
1, 347540, Note_on_c, 0, 65, 0
1, 347561, Control_c, 0, 64, 0
1, 347593, Note_on_c, 0, 79, 73
1, 347671, Note_on_c, 0, 64, 30
1, 347712, Note_on_c, 0, 79, 0
1, 347716, Control_c, 0, 64, 127
1, 347721, Note_on_c, 0, 64, 0
1, 347759, Note_on_c, 0, 72, 40
1, 347813, Note_on_c, 0, 72, 0
1, 347824, Note_on_c, 0, 64, 41
1, 347863, Note_on_c, 0, 64, 0
1, 347969, Note_on_c, 0, 61, 88
1, 347980, Note_on_c, 0, 49, 69
1, 348052, Note_on_c, 0, 70, 57
1, 348124, Control_c, 0, 64, 0
1, 348152, Note_on_c, 0, 79, 74
1, 348155, Note_on_c, 0, 76, 59
1, 348155, Note_on_c, 0, 70, 0
1, 348231, Note_on_c, 0, 70, 48
1, 348258, Note_on_c, 0, 49, 0
1, 348263, Note_on_c, 0, 79, 0
1, 348263, Note_on_c, 0, 61, 0
1, 348267, Control_c, 0, 64, 127
1, 348280, Note_on_c, 0, 76, 0
1, 348331, Note_on_c, 0, 70, 0
1, 348331, Note_on_c, 0, 62, 93
1, 348340, Note_on_c, 0, 50, 80
1, 348376, Control_c, 0, 64, 0
1, 348406, Note_on_c, 0, 69, 66
1, 348498, Note_on_c, 0, 78, 72
1, 348506, Note_on_c, 0, 74, 74
1, 348512, Note_on_c, 0, 69, 0
1, 348528, Note_on_c, 0, 62, 0
1, 348543, Control_c, 0, 64, 127
1, 348565, Note_on_c, 0, 50, 0
1, 348569, Note_on_c, 0, 69, 55
1, 348609, Note_on_c, 0, 78, 0
1, 348621, Note_on_c, 0, 74, 0
1, 348659, Note_on_c, 0, 59, 90
1, 348663, Note_on_c, 0, 69, 0
1, 348663, Note_on_c, 0, 47, 81
1, 348699, Control_c, 0, 64, 0
1, 348748, Note_on_c, 0, 68, 74
1, 348844, Note_on_c, 0, 74, 71
1, 348847, Note_on_c, 0, 77, 74
1, 348852, Note_on_c, 0, 68, 0
1, 348879, Control_c, 0, 64, 127
1, 348911, Note_on_c, 0, 47, 0
1, 348919, Note_on_c, 0, 68, 53
1, 348927, Note_on_c, 0, 59, 0
1, 348954, Note_on_c, 0, 77, 0
1, 348965, Note_on_c, 0, 74, 0
1, 349013, Note_on_c, 0, 60, 76
1, 349013, Note_on_c, 0, 68, 0
1, 349018, Note_on_c, 0, 48, 68
1, 349024, Control_c, 0, 64, 0
1, 349086, Note_on_c, 0, 67, 77
1, 349175, Note_on_c, 0, 67, 0
1, 349183, Note_on_c, 0, 76, 64
1, 349183, Note_on_c, 0, 72, 62
1, 349203, Control_c, 0, 64, 127
1, 349213, Note_on_c, 0, 60, 0
1, 349239, Note_on_c, 0, 48, 0
1, 349256, Note_on_c, 0, 67, 64
1, 349309, Note_on_c, 0, 72, 0
1, 349317, Note_on_c, 0, 76, 0
1, 349326, Note_on_c, 0, 67, 0
1, 349336, Note_on_c, 0, 54, 85
1, 349347, Note_on_c, 0, 42, 67
1, 349406, Control_c, 0, 64, 0
1, 349423, Note_on_c, 0, 69, 61
1, 349504, Note_on_c, 0, 75, 72
1, 349514, Note_on_c, 0, 72, 73
1, 349518, Note_on_c, 0, 69, 0
1, 349585, Control_c, 0, 64, 127
1, 349590, Note_on_c, 0, 69, 55
1, 349626, Note_on_c, 0, 72, 0
1, 349634, Note_on_c, 0, 42, 0
1, 349640, Note_on_c, 0, 54, 0
1, 349659, Note_on_c, 0, 75, 0
1, 349667, Note_on_c, 0, 69, 0
1, 349679, Note_on_c, 0, 55, 81
1, 349695, Control_c, 0, 64, 0
1, 349695, Note_on_c, 0, 43, 61
1, 349765, Note_on_c, 0, 67, 73
1, 349832, Note_on_c, 0, 67, 0
1, 349855, Note_on_c, 0, 72, 68
1, 349860, Note_on_c, 0, 74, 77
1, 349863, Note_on_c, 0, 55, 0
1, 349885, Note_on_c, 0, 43, 0
1, 349885, Control_c, 0, 64, 127
1, 349936, Note_on_c, 0, 67, 81
1, 349983, Note_on_c, 0, 74, 0
1, 349996, Note_on_c, 0, 72, 0
1, 350014, Note_on_c, 0, 67, 0
1, 350033, Note_on_c, 0, 43, 68
1, 350053, Control_c, 0, 64, 0
1, 350110, Note_on_c, 0, 65, 70
1, 350175, Note_on_c, 0, 65, 0
1, 350203, Note_on_c, 0, 74, 62
1, 350209, Note_on_c, 0, 71, 62
1, 350245, Control_c, 0, 64, 127
1, 350252, Note_on_c, 0, 74, 0
1, 350266, Note_on_c, 0, 43, 0
1, 350287, Note_on_c, 0, 65, 63
1, 350290, Note_on_c, 0, 71, 0
1, 350328, Note_on_c, 0, 65, 0
1, 350342, Control_c, 0, 64, 0
1, 350379, Note_on_c, 0, 48, 64
1, 350386, Note_on_c, 0, 64, 69
1, 350395, Note_on_c, 0, 72, 65
1, 350570, Control_c, 0, 64, 127
1, 350590, Note_on_c, 0, 48, 0
1, 350688, Control_c, 0, 64, 0
1, 350744, Note_on_c, 0, 36, 70
1, 350751, Note_on_c, 0, 64, 0
1, 350830, Note_on_c, 0, 72, 0
1, 350857, Control_c, 0, 64, 127
1, 350916, Note_on_c, 0, 36, 0
1, 351085, Control_c, 0, 64, 0
1, 351163, Note_on_c, 0, 31, 48
1, 351173, Note_on_c, 0, 43, 35
1, 351248, Note_on_c, 0, 31, 0
1, 351258, Note_on_c, 0, 64, 51
1, 351281, Note_on_c, 0, 43, 0
1, 351300, Control_c, 0, 64, 127
1, 351314, Note_on_c, 0, 64, 0
1, 351353, Note_on_c, 0, 72, 36
1, 351425, Note_on_c, 0, 72, 0
1, 351459, Note_on_c, 0, 64, 38
1, 351504, Note_on_c, 0, 64, 0
1, 351582, Note_on_c, 0, 79, 86
1, 351648, Control_c, 0, 64, 0
1, 351660, Note_on_c, 0, 64, 43
1, 351723, Note_on_c, 0, 64, 0
1, 351743, Note_on_c, 0, 72, 59
1, 351827, Control_c, 0, 64, 127
1, 351838, Note_on_c, 0, 72, 0
1, 351858, Note_on_c, 0, 64, 58
1, 351907, Note_on_c, 0, 64, 0
1, 351988, Note_on_c, 0, 78, 81
1, 352007, Control_c, 0, 64, 0
1, 352022, Note_on_c, 0, 79, 0
1, 352083, Note_on_c, 0, 62, 46
1, 352139, Note_on_c, 0, 62, 0
1, 352167, Note_on_c, 0, 72, 52
1, 352241, Note_on_c, 0, 72, 0
1, 352247, Control_c, 0, 64, 127
1, 352256, Note_on_c, 0, 62, 54
1, 352301, Note_on_c, 0, 62, 0
1, 352353, Note_on_c, 0, 77, 80
1, 352372, Note_on_c, 0, 78, 0
1, 352378, Control_c, 0, 64, 0
1, 352429, Note_on_c, 0, 62, 55
1, 352487, Note_on_c, 0, 62, 0
1, 352518, Note_on_c, 0, 71, 61
1, 352582, Control_c, 0, 64, 127
1, 352587, Note_on_c, 0, 71, 0
1, 352606, Note_on_c, 0, 62, 55
1, 352652, Note_on_c, 0, 62, 0
1, 352652, Control_c, 0, 64, 0
1, 352679, Note_on_c, 0, 77, 0
1, 352696, Note_on_c, 0, 76, 76
1, 352776, Note_on_c, 0, 60, 35
1, 352779, Note_on_c, 0, 76, 0
1, 352799, Control_c, 0, 64, 127
1, 352836, Note_on_c, 0, 60, 0
1, 352849, Note_on_c, 0, 72, 62
1, 352913, Note_on_c, 0, 72, 0
1, 352921, Note_on_c, 0, 60, 34
1, 352975, Note_on_c, 0, 60, 0
1, 353036, Note_on_c, 0, 55, 89
1, 353044, Note_on_c, 0, 43, 74
1, 353098, Control_c, 0, 64, 0
1, 353128, Note_on_c, 0, 67, 72
1, 353209, Note_on_c, 0, 67, 0
1, 353217, Note_on_c, 0, 75, 56
1, 353231, Note_on_c, 0, 72, 45
1, 353265, Control_c, 0, 64, 127
1, 353278, Note_on_c, 0, 55, 0
1, 353290, Note_on_c, 0, 67, 55
1, 353300, Note_on_c, 0, 72, 0
1, 353336, Note_on_c, 0, 67, 0
1, 353340, Note_on_c, 0, 75, 0
1, 353373, Note_on_c, 0, 43, 0
1, 353386, Note_on_c, 0, 54, 95
1, 353386, Note_on_c, 0, 42, 77
1, 353396, Control_c, 0, 64, 0
1, 353459, Note_on_c, 0, 69, 59
1, 353535, Note_on_c, 0, 69, 0
1, 353546, Note_on_c, 0, 72, 57
1, 353551, Note_on_c, 0, 74, 74
1, 353601, Control_c, 0, 64, 127
1, 353623, Note_on_c, 0, 69, 52
1, 353635, Note_on_c, 0, 72, 0
1, 353663, Note_on_c, 0, 74, 0
1, 353673, Note_on_c, 0, 42, 0
1, 353679, Note_on_c, 0, 54, 0
1, 353691, Note_on_c, 0, 69, 0
1, 353715, Note_on_c, 0, 53, 107
1, 353719, Note_on_c, 0, 41, 84
1, 353719, Control_c, 0, 64, 0
1, 353802, Note_on_c, 0, 68, 61
1, 353886, Note_on_c, 0, 71, 71
1, 353889, Note_on_c, 0, 74, 64
1, 353893, Note_on_c, 0, 68, 0
1, 353913, Control_c, 0, 64, 127
1, 353946, Note_on_c, 0, 68, 65
1, 353946, Note_on_c, 0, 53, 0
1, 353978, Note_on_c, 0, 41, 0
1, 354002, Note_on_c, 0, 71, 0
1, 354002, Note_on_c, 0, 74, 0
1, 354034, Note_on_c, 0, 68, 0
1, 354063, Note_on_c, 0, 52, 97
1, 354063, Note_on_c, 0, 40, 100
1, 354092, Control_c, 0, 64, 0
1, 354145, Note_on_c, 0, 67, 75
1, 354239, Note_on_c, 0, 72, 76
1, 354245, Note_on_c, 0, 76, 62
1, 354245, Note_on_c, 0, 67, 0
1, 354284, Control_c, 0, 64, 127
1, 354287, Note_on_c, 0, 52, 0
1, 354322, Note_on_c, 0, 67, 64
1, 354340, Note_on_c, 0, 40, 0
1, 354357, Note_on_c, 0, 76, 0
1, 354368, Note_on_c, 0, 72, 0
1, 354396, Note_on_c, 0, 51, 88
1, 354399, Note_on_c, 0, 39, 81
1, 354404, Note_on_c, 0, 67, 0
1, 354417, Control_c, 0, 64, 0
1, 354478, Note_on_c, 0, 67, 73
1, 354568, Note_on_c, 0, 79, 92
1, 354571, Note_on_c, 0, 73, 70
1, 354571, Note_on_c, 0, 67, 0
1, 354607, Control_c, 0, 64, 127
1, 354651, Note_on_c, 0, 67, 73
1, 354677, Note_on_c, 0, 79, 0
1, 354694, Note_on_c, 0, 51, 0
1, 354727, Note_on_c, 0, 39, 0
1, 354738, Note_on_c, 0, 67, 0
1, 354741, Note_on_c, 0, 50, 89
1, 354741, Note_on_c, 0, 38, 80
1, 354752, Note_on_c, 0, 73, 0
1, 354765, Control_c, 0, 64, 0
1, 354835, Note_on_c, 0, 69, 74
1, 354911, Note_on_c, 0, 78, 74
1, 354914, Note_on_c, 0, 69, 0
1, 354921, Note_on_c, 0, 74, 80
1, 354967, Note_on_c, 0, 50, 0
1, 354967, Control_c, 0, 64, 127
1, 354986, Note_on_c, 0, 69, 51
1, 355002, Note_on_c, 0, 38, 0
1, 355016, Note_on_c, 0, 74, 0
1, 355019, Note_on_c, 0, 78, 0
1, 355061, Note_on_c, 0, 69, 0
1, 355083, Note_on_c, 0, 47, 92
1, 355089, Note_on_c, 0, 35, 96
1, 355136, Control_c, 0, 64, 0
1, 355158, Note_on_c, 0, 68, 68
1, 355245, Note_on_c, 0, 68, 0
1, 355248, Note_on_c, 0, 77, 76
1, 355248, Note_on_c, 0, 74, 70
1, 355315, Control_c, 0, 64, 127
1, 355318, Note_on_c, 0, 35, 0
1, 355325, Note_on_c, 0, 68, 60
1, 355325, Note_on_c, 0, 47, 0
1, 355351, Note_on_c, 0, 77, 0
1, 355384, Note_on_c, 0, 74, 0
1, 355420, Note_on_c, 0, 68, 0
1, 355423, Note_on_c, 0, 48, 87
1, 355423, Control_c, 0, 64, 0
1, 355423, Note_on_c, 0, 36, 90
1, 355495, Note_on_c, 0, 67, 78
1, 355562, Note_on_c, 0, 67, 0
1, 355585, Note_on_c, 0, 76, 72
1, 355590, Note_on_c, 0, 72, 67
1, 355615, Control_c, 0, 64, 127
1, 355615, Note_on_c, 0, 48, 0
1, 355660, Note_on_c, 0, 36, 0
1, 355669, Note_on_c, 0, 72, 0
1, 355677, Note_on_c, 0, 67, 72
1, 355685, Note_on_c, 0, 76, 0
1, 355729, Note_on_c, 0, 67, 0
1, 355752, Note_on_c, 0, 42, 89
1, 355752, Note_on_c, 0, 30, 94
1, 355794, Control_c, 0, 64, 0
1, 355844, Note_on_c, 0, 69, 63
1, 355930, Note_on_c, 0, 75, 58
1, 355939, Note_on_c, 0, 72, 57
1, 355945, Note_on_c, 0, 69, 0
1, 355975, Control_c, 0, 64, 127
1, 355975, Note_on_c, 0, 30, 0
1, 355995, Note_on_c, 0, 69, 64
1, 356031, Note_on_c, 0, 75, 0
1, 356038, Note_on_c, 0, 42, 0
1, 356058, Control_c, 0, 64, 0
1, 356058, Note_on_c, 0, 72, 0
1, 356111, Note_on_c, 0, 43, 82
1, 356111, Note_on_c, 0, 69, 0
1, 356111, Note_on_c, 0, 31, 81
1, 356120, Note_on_c, 0, 74, 82
1, 356126, Note_on_c, 0, 71, 79
1, 356206, Note_on_c, 0, 71, 0
1, 356217, Note_on_c, 0, 72, 72
1, 356272, Note_on_c, 0, 74, 0
1, 356289, Note_on_c, 0, 71, 71
1, 356334, Note_on_c, 0, 72, 0
1, 356374, Note_on_c, 0, 31, 0
1, 356379, Note_on_c, 0, 69, 67
1, 356409, Note_on_c, 0, 43, 0
1, 356417, Note_on_c, 0, 71, 0
1, 356460, Note_on_c, 0, 67, 74
1, 356471, Note_on_c, 0, 69, 0
1, 356537, Note_on_c, 0, 65, 75
1, 356565, Note_on_c, 0, 67, 0
1, 356610, Note_on_c, 0, 65, 0
1, 356633, Note_on_c, 0, 64, 62
1, 356685, Note_on_c, 0, 64, 0
1, 356701, Note_on_c, 0, 62, 60
1, 356747, Note_on_c, 0, 62, 0
1, 356810, Note_on_c, 0, 48, 47
1, 356816, Note_on_c, 0, 36, 49
1, 356892, Note_on_c, 0, 36, 0
1, 356896, Note_on_c, 0, 64, 59
1, 356910, Control_c, 0, 64, 127
1, 356928, Note_on_c, 0, 48, 0
1, 356950, Note_on_c, 0, 64, 0
1, 356997, Note_on_c, 0, 72, 41
1, 357053, Note_on_c, 0, 72, 0
1, 357089, Note_on_c, 0, 64, 39
1, 357131, Note_on_c, 0, 64, 0
1, 357197, Note_on_c, 0, 72, 71
1, 357232, Note_on_c, 0, 72, 0
1, 357290, Note_on_c, 0, 64, 32
1, 357342, Note_on_c, 0, 64, 0
1, 357371, Note_on_c, 0, 67, 43
1, 357443, Note_on_c, 0, 67, 0
1, 357457, Note_on_c, 0, 64, 39
1, 357498, Note_on_c, 0, 64, 0
1, 357560, Note_on_c, 0, 79, 82
1, 357593, Control_c, 0, 64, 0
1, 357654, Note_on_c, 0, 64, 53
1, 357715, Note_on_c, 0, 64, 0
1, 357743, Note_on_c, 0, 72, 47
1, 357783, Control_c, 0, 64, 127
1, 357816, Note_on_c, 0, 72, 0
1, 357835, Note_on_c, 0, 79, 0
1, 357839, Note_on_c, 0, 64, 57
1, 357883, Note_on_c, 0, 64, 0
1, 357928, Note_on_c, 0, 79, 86
1, 358016, Note_on_c, 0, 64, 54
1, 358023, Control_c, 0, 64, 0
1, 358064, Note_on_c, 0, 64, 0
1, 358097, Note_on_c, 0, 72, 51
1, 358156, Note_on_c, 0, 72, 0
1, 358192, Control_c, 0, 64, 127
1, 358197, Note_on_c, 0, 79, 0
1, 358200, Note_on_c, 0, 64, 33
1, 358248, Note_on_c, 0, 64, 0
1, 358264, Control_c, 0, 64, 0
1, 358268, Note_on_c, 0, 81, 89
1, 358351, Note_on_c, 0, 65, 48
1, 358418, Note_on_c, 0, 65, 0
1, 358432, Note_on_c, 0, 72, 52
1, 358466, Control_c, 0, 64, 127
1, 358499, Note_on_c, 0, 72, 0
1, 358521, Note_on_c, 0, 65, 38
1, 358526, Note_on_c, 0, 81, 0
1, 358583, Note_on_c, 0, 65, 0
1, 358641, Note_on_c, 0, 81, 68
1, 358683, Control_c, 0, 64, 0
1, 358719, Note_on_c, 0, 65, 38
1, 358783, Note_on_c, 0, 65, 0
1, 358816, Note_on_c, 0, 72, 35
1, 358839, Control_c, 0, 64, 127
1, 358878, Note_on_c, 0, 72, 0
1, 358888, Note_on_c, 0, 65, 25
1, 358894, Note_on_c, 0, 81, 0
1, 358936, Note_on_c, 0, 65, 0
1, 358970, Control_c, 0, 64, 0
1, 358991, Note_on_c, 0, 79, 56
1, 359070, Note_on_c, 0, 64, 40
1, 359104, Note_on_c, 0, 79, 0
1, 359120, Note_on_c, 0, 64, 0
1, 359126, Control_c, 0, 64, 127
1, 359167, Note_on_c, 0, 72, 27
1, 359223, Note_on_c, 0, 72, 0
1, 359237, Note_on_c, 0, 64, 37
1, 359284, Note_on_c, 0, 64, 0
1, 359384, Note_on_c, 0, 61, 86
1, 359390, Note_on_c, 0, 49, 80
1, 359459, Note_on_c, 0, 70, 66
1, 359474, Control_c, 0, 64, 0
1, 359562, Note_on_c, 0, 70, 0
1, 359562, Note_on_c, 0, 79, 86
1, 359562, Note_on_c, 0, 76, 54
1, 359624, Note_on_c, 0, 70, 60
1, 359629, Control_c, 0, 64, 127
1, 359640, Note_on_c, 0, 49, 0
1, 359640, Note_on_c, 0, 61, 0
1, 359650, Note_on_c, 0, 79, 0
1, 359700, Control_c, 0, 64, 0
1, 359711, Note_on_c, 0, 70, 0
1, 359724, Note_on_c, 0, 62, 93
1, 359727, Note_on_c, 0, 76, 0
1, 359730, Note_on_c, 0, 50, 91
1, 359805, Note_on_c, 0, 69, 68
1, 359883, Note_on_c, 0, 69, 0
1, 359883, Note_on_c, 0, 78, 73
1, 359889, Note_on_c, 0, 74, 68
1, 359894, Control_c, 0, 64, 127
1, 359903, Note_on_c, 0, 62, 0
1, 359964, Note_on_c, 0, 50, 0
1, 359964, Note_on_c, 0, 69, 49
1, 359983, Note_on_c, 0, 78, 0
1, 360020, Note_on_c, 0, 74, 0
1, 360037, Note_on_c, 0, 69, 0
1, 360061, Note_on_c, 0, 59, 91
1, 360061, Note_on_c, 0, 47, 87
1, 360073, Control_c, 0, 64, 0
1, 360137, Note_on_c, 0, 68, 73
1, 360229, Note_on_c, 0, 74, 67
1, 360232, Note_on_c, 0, 77, 76
1, 360237, Note_on_c, 0, 68, 0
1, 360265, Control_c, 0, 64, 127
1, 360289, Note_on_c, 0, 47, 0
1, 360295, Note_on_c, 0, 59, 0
1, 360303, Note_on_c, 0, 68, 54
1, 360349, Note_on_c, 0, 74, 0
1, 360359, Note_on_c, 0, 77, 0
1, 360396, Control_c, 0, 64, 0
1, 360402, Note_on_c, 0, 68, 0
1, 360402, Note_on_c, 0, 60, 83
1, 360405, Note_on_c, 0, 48, 81
1, 360488, Note_on_c, 0, 67, 70
1, 360546, Note_on_c, 0, 67, 0
1, 360574, Note_on_c, 0, 72, 60
1, 360574, Note_on_c, 0, 76, 70
1, 360588, Control_c, 0, 64, 127
1, 360588, Note_on_c, 0, 60, 0
1, 360644, Note_on_c, 0, 48, 0
1, 360652, Note_on_c, 0, 67, 77
1, 360688, Note_on_c, 0, 76, 0
1, 360699, Note_on_c, 0, 72, 0
1, 360707, Note_on_c, 0, 67, 0
1, 360732, Note_on_c, 0, 54, 100
1, 360739, Note_on_c, 0, 42, 83
1, 360744, Control_c, 0, 64, 0
1, 360814, Note_on_c, 0, 69, 61
1, 360892, Note_on_c, 0, 75, 73
1, 360897, Note_on_c, 0, 72, 77
1, 360911, Note_on_c, 0, 69, 0
1, 360947, Control_c, 0, 64, 127
1, 360967, Note_on_c, 0, 69, 59
1, 360980, Note_on_c, 0, 42, 0
1, 361005, Note_on_c, 0, 72, 0
1, 361005, Note_on_c, 0, 54, 0
1, 361022, Note_on_c, 0, 75, 0
1, 361053, Note_on_c, 0, 69, 0
1, 361056, Control_c, 0, 64, 0
1, 361065, Note_on_c, 0, 55, 94
1, 361073, Note_on_c, 0, 43, 80
1, 361147, Note_on_c, 0, 67, 73
1, 361206, Note_on_c, 0, 55, 0
1, 361234, Note_on_c, 0, 43, 0
1, 361234, Note_on_c, 0, 72, 70
1, 361234, Note_on_c, 0, 74, 75
1, 361239, Note_on_c, 0, 67, 0
1, 361248, Control_c, 0, 64, 127
1, 361321, Note_on_c, 0, 67, 71
1, 361348, Note_on_c, 0, 72, 0
1, 361368, Note_on_c, 0, 74, 0
1, 361376, Note_on_c, 0, 67, 0
1, 361391, Control_c, 0, 64, 0
1, 361407, Note_on_c, 0, 43, 85
1, 361479, Note_on_c, 0, 65, 74
1, 361566, Note_on_c, 0, 65, 0
1, 361579, Note_on_c, 0, 74, 69
1, 361579, Note_on_c, 0, 71, 66
1, 361583, Control_c, 0, 64, 127
1, 361608, Note_on_c, 0, 43, 0
1, 361622, Note_on_c, 0, 74, 0
1, 361675, Note_on_c, 0, 65, 71
1, 361691, Control_c, 0, 64, 0
1, 361710, Note_on_c, 0, 71, 0
1, 361730, Note_on_c, 0, 65, 0
1, 361774, Note_on_c, 0, 48, 66
1, 361780, Note_on_c, 0, 72, 74
1, 361791, Note_on_c, 0, 64, 79
1, 362034, Note_on_c, 0, 48, 0
1, 362115, Note_on_c, 0, 64, 0
1, 362123, Note_on_c, 0, 72, 0
1, 362146, Note_on_c, 0, 36, 79
1, 362170, Control_c, 0, 64, 127
1, 362271, Note_on_c, 0, 36, 0
1, 362446, Control_c, 0, 64, 0
1, 362614, Note_on_c, 0, 43, 36
1, 362614, Note_on_c, 0, 31, 37
1, 362707, Note_on_c, 0, 31, 0
1, 362752, Note_on_c, 0, 43, 0
1, 362758, Note_on_c, 0, 64, 19
1, 362769, Control_c, 0, 64, 127
1, 362817, Note_on_c, 0, 64, 0
1, 362827, Note_on_c, 0, 72, 31
1, 362934, Note_on_c, 0, 72, 0
1, 362934, Note_on_c, 0, 64, 34
1, 362989, Note_on_c, 0, 64, 0
1, 363062, Note_on_c, 0, 79, 81
1, 363081, Control_c, 0, 64, 0
1, 363142, Note_on_c, 0, 64, 43
1, 363199, Note_on_c, 0, 64, 0
1, 363234, Note_on_c, 0, 72, 48
1, 363302, Note_on_c, 0, 72, 0
1, 363309, Control_c, 0, 64, 127
1, 363334, Note_on_c, 0, 64, 46
1, 363380, Note_on_c, 0, 64, 0
1, 363418, Note_on_c, 0, 78, 74
1, 363429, Control_c, 0, 64, 0
1, 363433, Note_on_c, 0, 79, 0
1, 363505, Note_on_c, 0, 62, 52
1, 363575, Note_on_c, 0, 62, 0
1, 363599, Note_on_c, 0, 72, 44
1, 363657, Control_c, 0, 64, 127
1, 363664, Note_on_c, 0, 72, 0
1, 363680, Note_on_c, 0, 62, 33
1, 363703, Note_on_c, 0, 78, 0
1, 363738, Note_on_c, 0, 62, 0
1, 363764, Control_c, 0, 64, 0
1, 363764, Note_on_c, 0, 77, 73
1, 363867, Note_on_c, 0, 62, 20
1, 363923, Note_on_c, 0, 62, 0
1, 363933, Note_on_c, 0, 71, 51
1, 363969, Control_c, 0, 64, 127
1, 363987, Note_on_c, 0, 71, 0
1, 364004, Note_on_c, 0, 62, 36
1, 364042, Note_on_c, 0, 77, 0
1, 364058, Note_on_c, 0, 62, 0
1, 364064, Control_c, 0, 64, 0
1, 364103, Note_on_c, 0, 76, 57
1, 364175, Note_on_c, 0, 60, 49
1, 364213, Note_on_c, 0, 76, 0
1, 364232, Control_c, 0, 64, 127
1, 364232, Note_on_c, 0, 60, 0
1, 364270, Note_on_c, 0, 72, 49
1, 364329, Note_on_c, 0, 72, 0
1, 364373, Note_on_c, 0, 60, 49
1, 364433, Note_on_c, 0, 60, 0
1, 364526, Note_on_c, 0, 43, 33
1, 364526, Note_on_c, 0, 55, 15
1, 364543, Control_c, 0, 64, 0
1, 364614, Note_on_c, 0, 67, 23
1, 364678, Note_on_c, 0, 67, 0
1, 364694, Note_on_c, 0, 75, 43
1, 364714, Note_on_c, 0, 72, 30
1, 364735, Control_c, 0, 64, 127
1, 364735, Note_on_c, 0, 55, 0
1, 364749, Note_on_c, 0, 43, 0
1, 364749, Note_on_c, 0, 75, 0
1, 364781, Note_on_c, 0, 67, 35
1, 364795, Note_on_c, 0, 72, 0
1, 364834, Note_on_c, 0, 67, 0
1, 364880, Note_on_c, 0, 42, 49
1, 364880, Note_on_c, 0, 54, 52
1, 364962, Control_c, 0, 64, 0
1, 364970, Note_on_c, 0, 69, 41
1, 365031, Note_on_c, 0, 69, 0
1, 365053, Note_on_c, 0, 72, 57
1, 365059, Note_on_c, 0, 74, 52
1, 365121, Note_on_c, 0, 69, 39
1, 365125, Note_on_c, 0, 74, 0
1, 365131, Control_c, 0, 64, 127
1, 365135, Note_on_c, 0, 42, 0
1, 365142, Note_on_c, 0, 54, 0
1, 365182, Note_on_c, 0, 72, 0
1, 365182, Note_on_c, 0, 69, 0
1, 365223, Note_on_c, 0, 53, 97
1, 365223, Note_on_c, 0, 41, 77
1, 365238, Control_c, 0, 64, 0
1, 365290, Note_on_c, 0, 68, 62
1, 365398, Note_on_c, 0, 68, 0
1, 365398, Note_on_c, 0, 71, 65
1, 365407, Note_on_c, 0, 74, 63
1, 365430, Control_c, 0, 64, 127
1, 365440, Note_on_c, 0, 53, 0
1, 365458, Note_on_c, 0, 41, 0
1, 365472, Note_on_c, 0, 68, 51
1, 365515, Note_on_c, 0, 71, 0
1, 365533, Note_on_c, 0, 74, 0
1, 365568, Note_on_c, 0, 68, 0
1, 365572, Note_on_c, 0, 52, 92
1, 365572, Note_on_c, 0, 40, 98
1, 365586, Control_c, 0, 64, 0
1, 365666, Note_on_c, 0, 67, 78
1, 365756, Note_on_c, 0, 76, 69
1, 365759, Note_on_c, 0, 72, 73
1, 365769, Note_on_c, 0, 67, 0
1, 365777, Control_c, 0, 64, 127
1, 365802, Note_on_c, 0, 52, 0
1, 365839, Note_on_c, 0, 67, 57
1, 365839, Note_on_c, 0, 40, 0
1, 365872, Note_on_c, 0, 76, 0
1, 365887, Note_on_c, 0, 72, 0
1, 365911, Note_on_c, 0, 51, 87
1, 365915, Note_on_c, 0, 39, 84
1, 365926, Note_on_c, 0, 67, 0
1, 365945, Control_c, 0, 64, 0
1, 365995, Note_on_c, 0, 67, 66
1, 366085, Note_on_c, 0, 79, 93
1, 366090, Note_on_c, 0, 67, 0
1, 366096, Note_on_c, 0, 73, 64
1, 366137, Control_c, 0, 64, 127
1, 366174, Note_on_c, 0, 67, 74
1, 366181, Note_on_c, 0, 79, 0
1, 366193, Note_on_c, 0, 51, 0
1, 366213, Note_on_c, 0, 39, 0
1, 366235, Note_on_c, 0, 67, 0
1, 366245, Control_c, 0, 64, 0
1, 366248, Note_on_c, 0, 73, 0
1, 366256, Note_on_c, 0, 50, 97
1, 366259, Note_on_c, 0, 38, 91
1, 366335, Note_on_c, 0, 69, 72
1, 366413, Note_on_c, 0, 78, 86
1, 366424, Note_on_c, 0, 74, 86
1, 366430, Note_on_c, 0, 69, 0
1, 366461, Control_c, 0, 64, 127
1, 366466, Note_on_c, 0, 50, 0
1, 366485, Note_on_c, 0, 69, 67
1, 366504, Note_on_c, 0, 38, 0
1, 366519, Note_on_c, 0, 78, 0
1, 366553, Note_on_c, 0, 74, 0
1, 366569, Note_on_c, 0, 69, 0
1, 366589, Note_on_c, 0, 47, 98
1, 366592, Note_on_c, 0, 35, 103
1, 366605, Control_c, 0, 64, 0
1, 366658, Note_on_c, 0, 68, 83
1, 366745, Note_on_c, 0, 74, 78
1, 366748, Note_on_c, 0, 77, 79
1, 366752, Note_on_c, 0, 68, 0
1, 366809, Control_c, 0, 64, 127
1, 366812, Note_on_c, 0, 35, 0
1, 366822, Note_on_c, 0, 47, 0
1, 366822, Note_on_c, 0, 68, 70
1, 366853, Note_on_c, 0, 74, 0
1, 366870, Note_on_c, 0, 77, 0
1, 366904, Control_c, 0, 64, 0
1, 366909, Note_on_c, 0, 68, 0
1, 366920, Note_on_c, 0, 48, 93
1, 366920, Note_on_c, 0, 36, 94
1, 366998, Note_on_c, 0, 67, 87
1, 367073, Note_on_c, 0, 67, 0
1, 367089, Note_on_c, 0, 72, 66
1, 367089, Note_on_c, 0, 76, 74
1, 367093, Note_on_c, 0, 48, 0
1, 367096, Control_c, 0, 64, 127
1, 367135, Note_on_c, 0, 36, 0
1, 367167, Note_on_c, 0, 67, 73
1, 367195, Note_on_c, 0, 72, 0
1, 367199, Note_on_c, 0, 76, 0
1, 367226, Note_on_c, 0, 67, 0
1, 367255, Note_on_c, 0, 42, 93
1, 367258, Note_on_c, 0, 30, 98
1, 367263, Control_c, 0, 64, 0
1, 367323, Note_on_c, 0, 69, 62
1, 367415, Note_on_c, 0, 75, 58
1, 367415, Note_on_c, 0, 72, 66
1, 367419, Note_on_c, 0, 69, 0
1, 367430, Note_on_c, 0, 30, 0
1, 367444, Control_c, 0, 64, 127
1, 367496, Note_on_c, 0, 69, 62
1, 367500, Note_on_c, 0, 42, 0
1, 367513, Note_on_c, 0, 75, 0
1, 367519, Note_on_c, 0, 72, 0
1, 367563, Control_c, 0, 64, 0
1, 367567, Note_on_c, 0, 69, 0
1, 367603, Note_on_c, 0, 43, 84
1, 367603, Note_on_c, 0, 31, 87
1, 367607, Note_on_c, 0, 74, 81
1, 367611, Note_on_c, 0, 71, 81
1, 367680, Note_on_c, 0, 71, 0
1, 367705, Note_on_c, 0, 72, 69
1, 367775, Note_on_c, 0, 74, 0
1, 367781, Note_on_c, 0, 43, 0
1, 367789, Note_on_c, 0, 31, 0
1, 367789, Note_on_c, 0, 71, 83
1, 367789, Control_c, 0, 64, 127
1, 367826, Note_on_c, 0, 72, 0
1, 367876, Note_on_c, 0, 69, 69
1, 367876, Control_c, 0, 64, 0
1, 367912, Note_on_c, 0, 71, 0
1, 367956, Note_on_c, 0, 67, 71
1, 367973, Note_on_c, 0, 69, 0
1, 368039, Note_on_c, 0, 65, 68
1, 368054, Note_on_c, 0, 67, 0
1, 368132, Note_on_c, 0, 65, 0
1, 368140, Note_on_c, 0, 64, 58
1, 368206, Note_on_c, 0, 64, 0
1, 368210, Note_on_c, 0, 62, 64
1, 368259, Note_on_c, 0, 62, 0
1, 368323, Note_on_c, 0, 48, 54
1, 368330, Note_on_c, 0, 36, 53
1, 368410, Note_on_c, 0, 36, 0
1, 368410, Note_on_c, 0, 64, 60
1, 368438, Control_c, 0, 64, 127
1, 368458, Note_on_c, 0, 48, 0
1, 368468, Note_on_c, 0, 64, 0
1, 368508, Note_on_c, 0, 72, 46
1, 368566, Note_on_c, 0, 72, 0
1, 368608, Note_on_c, 0, 64, 42
1, 368650, Note_on_c, 0, 64, 0
1, 368736, Note_on_c, 0, 72, 78
1, 368769, Note_on_c, 0, 72, 0
1, 368817, Note_on_c, 0, 64, 69
1, 368867, Note_on_c, 0, 64, 0
1, 368892, Note_on_c, 0, 72, 46
1, 368950, Note_on_c, 0, 72, 0
1, 368968, Note_on_c, 0, 64, 56
1, 369026, Note_on_c, 0, 64, 0
1, 369089, Note_on_c, 0, 79, 90
1, 369134, Control_c, 0, 64, 0
1, 369181, Note_on_c, 0, 64, 59
1, 369234, Note_on_c, 0, 64, 0
1, 369265, Note_on_c, 0, 72, 43
1, 369313, Control_c, 0, 64, 127
1, 369324, Note_on_c, 0, 72, 0
1, 369357, Note_on_c, 0, 79, 0
1, 369360, Note_on_c, 0, 64, 42
1, 369405, Note_on_c, 0, 64, 0
1, 369444, Note_on_c, 0, 79, 87
1, 369527, Note_on_c, 0, 64, 40
1, 369580, Note_on_c, 0, 64, 0
1, 369622, Note_on_c, 0, 72, 39
1, 369680, Note_on_c, 0, 72, 0
1, 369703, Note_on_c, 0, 79, 0
1, 369709, Note_on_c, 0, 64, 40
1, 369756, Note_on_c, 0, 64, 0
1, 369769, Control_c, 0, 64, 0
1, 369780, Note_on_c, 0, 81, 71
1, 369872, Note_on_c, 0, 65, 48
1, 369937, Note_on_c, 0, 65, 0
1, 369978, Note_on_c, 0, 72, 35
1, 369996, Control_c, 0, 64, 127
1, 370032, Note_on_c, 0, 81, 0
1, 370046, Note_on_c, 0, 72, 0
1, 370054, Note_on_c, 0, 65, 38
1, 370118, Note_on_c, 0, 65, 0
1, 370148, Note_on_c, 0, 81, 67
1, 370224, Note_on_c, 0, 65, 24
1, 370290, Note_on_c, 0, 65, 0
1, 370333, Note_on_c, 0, 72, 20
1, 370360, Note_on_c, 0, 81, 0
1, 370397, Note_on_c, 0, 65, 28
1, 370405, Note_on_c, 0, 72, 0
1, 370449, Note_on_c, 0, 65, 0
1, 370499, Control_c, 0, 64, 0
1, 370508, Note_on_c, 0, 79, 52
1, 370577, Note_on_c, 0, 64, 44
1, 370630, Note_on_c, 0, 64, 0
1, 370647, Note_on_c, 0, 79, 0
1, 370656, Control_c, 0, 64, 127
1, 370684, Note_on_c, 0, 72, 27
1, 370747, Note_on_c, 0, 72, 0
1, 370781, Note_on_c, 0, 64, 15
1, 370825, Note_on_c, 0, 64, 0
1, 370937, Note_on_c, 0, 61, 66
1, 370942, Note_on_c, 0, 49, 60
1, 371004, Note_on_c, 0, 70, 50
1, 371028, Control_c, 0, 64, 0
1, 371107, Note_on_c, 0, 70, 0
1, 371107, Note_on_c, 0, 79, 72
1, 371135, Note_on_c, 0, 76, 31
1, 371171, Control_c, 0, 64, 127
1, 371171, Note_on_c, 0, 70, 48
1, 371193, Note_on_c, 0, 49, 0
1, 371193, Note_on_c, 0, 79, 0
1, 371196, Note_on_c, 0, 61, 0
1, 371269, Note_on_c, 0, 70, 0
1, 371277, Note_on_c, 0, 76, 0
1, 371280, Control_c, 0, 64, 0
1, 371285, Note_on_c, 0, 62, 83
1, 371294, Note_on_c, 0, 50, 75
1, 371365, Note_on_c, 0, 69, 59
1, 371450, Note_on_c, 0, 69, 0
1, 371450, Note_on_c, 0, 78, 65
1, 371461, Note_on_c, 0, 62, 0
1, 371461, Note_on_c, 0, 74, 69
1, 371471, Control_c, 0, 64, 127
1, 371511, Note_on_c, 0, 50, 0
1, 371531, Note_on_c, 0, 69, 50
1, 371560, Note_on_c, 0, 78, 0
1, 371578, Note_on_c, 0, 74, 0
1, 371608, Note_on_c, 0, 69, 0
1, 371622, Note_on_c, 0, 59, 79
1, 371627, Note_on_c, 0, 47, 77
1, 371639, Control_c, 0, 64, 0
1, 371701, Note_on_c, 0, 68, 69
1, 371789, Note_on_c, 0, 68, 0
1, 371797, Note_on_c, 0, 74, 71
1, 371803, Note_on_c, 0, 77, 73
1, 371842, Control_c, 0, 64, 127
1, 371856, Note_on_c, 0, 47, 0
1, 371862, Note_on_c, 0, 59, 0
1, 371881, Note_on_c, 0, 68, 57
1, 371915, Note_on_c, 0, 74, 0
1, 371920, Note_on_c, 0, 77, 0
1, 371962, Control_c, 0, 64, 0
1, 371970, Note_on_c, 0, 60, 72
1, 371970, Note_on_c, 0, 48, 70
1, 371970, Note_on_c, 0, 68, 0
1, 372046, Note_on_c, 0, 67, 71
1, 372116, Note_on_c, 0, 67, 0
1, 372137, Note_on_c, 0, 72, 57
1, 372148, Note_on_c, 0, 76, 57
1, 372159, Note_on_c, 0, 60, 0
1, 372177, Control_c, 0, 64, 127
1, 372224, Note_on_c, 0, 48, 0
1, 372224, Note_on_c, 0, 76, 0
1, 372229, Note_on_c, 0, 67, 72
1, 372258, Note_on_c, 0, 72, 0
1, 372276, Note_on_c, 0, 67, 0
1, 372319, Note_on_c, 0, 54, 82
1, 372329, Note_on_c, 0, 42, 64
1, 372357, Control_c, 0, 64, 0
1, 372430, Note_on_c, 0, 69, 46
1, 372505, Note_on_c, 0, 69, 0
1, 372510, Note_on_c, 0, 75, 57
1, 372527, Note_on_c, 0, 72, 56
1, 372574, Control_c, 0, 64, 127
1, 372589, Note_on_c, 0, 42, 0
1, 372594, Note_on_c, 0, 69, 47
1, 372616, Note_on_c, 0, 54, 0
1, 372620, Note_on_c, 0, 75, 0
1, 372633, Note_on_c, 0, 72, 0
1, 372653, Note_on_c, 0, 69, 0
1, 372669, Control_c, 0, 64, 0
1, 372676, Note_on_c, 0, 55, 79
1, 372681, Note_on_c, 0, 43, 67
1, 372754, Note_on_c, 0, 67, 71
1, 372836, Note_on_c, 0, 67, 0
1, 372861, Note_on_c, 0, 55, 0
1, 372861, Note_on_c, 0, 72, 55
1, 372865, Note_on_c, 0, 74, 55
1, 372896, Control_c, 0, 64, 127
1, 372904, Note_on_c, 0, 43, 0
1, 372934, Note_on_c, 0, 67, 64
1, 372974, Note_on_c, 0, 72, 0
1, 372974, Note_on_c, 0, 74, 0
1, 372999, Note_on_c, 0, 67, 0
1, 373017, Control_c, 0, 64, 0
1, 373037, Note_on_c, 0, 43, 74
1, 373109, Note_on_c, 0, 65, 57
1, 373193, Note_on_c, 0, 65, 0
1, 373213, Note_on_c, 0, 43, 0
1, 373224, Note_on_c, 0, 74, 58
1, 373224, Note_on_c, 0, 71, 49
1, 373244, Control_c, 0, 64, 127
1, 373294, Note_on_c, 0, 74, 0
1, 373313, Note_on_c, 0, 65, 56
1, 373347, Note_on_c, 0, 71, 0
1, 373358, Note_on_c, 0, 65, 0
1, 373424, Control_c, 0, 64, 0
1, 373469, Note_on_c, 0, 64, 67
1, 373472, Note_on_c, 0, 72, 58
1, 373472, Note_on_c, 0, 48, 56
1, 373945, Note_on_c, 0, 48, 0
1, 373953, Note_on_c, 0, 64, 0
1, 373956, Note_on_c, 0, 36, 64
1, 373963, Note_on_c, 0, 72, 0
1, 374530, Note_on_c, 0, 36, 0
1, 375555, Note_on_c, 0, 72, 39
1, 376135, Control_c, 0, 64, 127
1, 376222, Note_on_c, 0, 67, 47
1, 376293, Note_on_c, 0, 72, 0
1, 376339, Control_c, 0, 64, 0
1, 376399, Note_on_c, 0, 76, 55
1, 376439, Note_on_c, 0, 67, 0
1, 377057, Note_on_c, 0, 72, 52
1, 377191, Note_on_c, 0, 76, 0
1, 377305, Note_on_c, 0, 79, 62
1, 377313, Note_on_c, 0, 60, 54
1, 377344, Note_on_c, 0, 72, 0
1, 377556, Note_on_c, 0, 79, 0
1, 377586, Control_c, 0, 64, 127
1, 377742, Control_c, 0, 64, 0
1, 377806, Note_on_c, 0, 79, 62
1, 377996, Note_on_c, 0, 55, 52
1, 378058, Note_on_c, 0, 60, 0
1, 378241, Note_on_c, 0, 64, 64
1, 378241, Note_on_c, 0, 55, 0
1, 378508, Note_on_c, 0, 79, 0
1, 378556, Control_c, 0, 64, 127
1, 378634, Note_on_c, 0, 79, 79
1, 378831, Note_on_c, 0, 64, 0
1, 378840, Note_on_c, 0, 60, 57
1, 378865, Note_on_c, 0, 79, 0
1, 378999, Control_c, 0, 64, 0
1, 379038, Note_on_c, 0, 60, 0
1, 379055, Note_on_c, 0, 79, 76
1, 379060, Note_on_c, 0, 81, 68
1, 379060, Note_on_c, 0, 72, 56
1, 379069, Note_on_c, 0, 53, 87
1, 379372, Note_on_c, 0, 81, 0
1, 379392, Note_on_c, 0, 72, 0
1, 379522, Note_on_c, 0, 72, 47
1, 379526, Note_on_c, 0, 77, 63
1, 379530, Note_on_c, 0, 81, 72
1, 379562, Note_on_c, 0, 79, 0
1, 379701, Note_on_c, 0, 48, 65
1, 379712, Note_on_c, 0, 53, 0
1, 379890, Note_on_c, 0, 48, 0
1, 379974, Note_on_c, 0, 57, 29
1, 380236, Note_on_c, 0, 77, 0
1, 380239, Note_on_c, 0, 81, 0
1, 380242, Note_on_c, 0, 72, 0
1, 380258, Control_c, 0, 64, 127
1, 380369, Note_on_c, 0, 81, 56
1, 380377, Note_on_c, 0, 72, 40
1, 380389, Note_on_c, 0, 77, 42
1, 380525, Note_on_c, 0, 57, 0
1, 380550, Note_on_c, 0, 72, 0
1, 380569, Note_on_c, 0, 77, 0
1, 380572, Note_on_c, 0, 53, 72
1, 380598, Note_on_c, 0, 81, 0
1, 380693, Note_on_c, 0, 53, 0
1, 380768, Note_on_c, 0, 79, 80
1, 380768, Note_on_c, 0, 72, 67
1, 380771, Note_on_c, 0, 77, 65
1, 380784, Note_on_c, 0, 48, 61
1, 380834, Control_c, 0, 64, 0
1, 381051, Note_on_c, 0, 72, 0
1, 381063, Note_on_c, 0, 79, 0
1, 381072, Note_on_c, 0, 77, 0
1, 381085, Control_c, 0, 64, 127
1, 381185, Note_on_c, 0, 79, 75
1, 381185, Note_on_c, 0, 72, 48
1, 381194, Note_on_c, 0, 76, 40
1, 381205, Control_c, 0, 64, 0
1, 381350, Note_on_c, 0, 48, 0
1, 381374, Note_on_c, 0, 43, 64
1, 381572, Note_on_c, 0, 43, 0
1, 381603, Note_on_c, 0, 52, 58
1, 381834, Note_on_c, 0, 72, 0
1, 381840, Control_c, 0, 64, 127
1, 381848, Note_on_c, 0, 76, 0
1, 381868, Note_on_c, 0, 79, 0
1, 382036, Note_on_c, 0, 79, 61
1, 382043, Note_on_c, 0, 72, 39
1, 382057, Note_on_c, 0, 76, 22
1, 382124, Note_on_c, 0, 52, 0
1, 382152, Control_c, 0, 64, 0
1, 382216, Note_on_c, 0, 48, 41
1, 382246, Note_on_c, 0, 76, 0
1, 382270, Note_on_c, 0, 48, 0
1, 382273, Note_on_c, 0, 72, 0
1, 382295, Control_c, 0, 64, 127
1, 382341, Note_on_c, 0, 79, 0
1, 382475, Control_c, 0, 64, 0
1, 382478, Note_on_c, 0, 79, 90
1, 382498, Note_on_c, 0, 65, 35
1, 382509, Note_on_c, 0, 57, 33
1, 382509, Note_on_c, 0, 60, 36
1, 382757, Note_on_c, 0, 77, 64
1, 382771, Note_on_c, 0, 79, 0
1, 382902, Note_on_c, 0, 77, 0
1, 382943, Control_c, 0, 64, 127
1, 382966, Note_on_c, 0, 77, 62
1, 382966, Control_c, 0, 64, 0
1, 383030, Note_on_c, 0, 65, 0
1, 383043, Note_on_c, 0, 57, 0
1, 383066, Note_on_c, 0, 60, 0
1, 383431, Note_on_c, 0, 67, 25
1, 383439, Note_on_c, 0, 59, 26
1, 383447, Note_on_c, 0, 62, 28
1, 383503, Note_on_c, 0, 77, 0
1, 383506, Control_c, 0, 64, 127
1, 383693, Note_on_c, 0, 88, 53
1, 383795, Note_on_c, 0, 86, 67
1, 383802, Note_on_c, 0, 88, 0
1, 383829, Control_c, 0, 64, 0
1, 383876, Note_on_c, 0, 67, 0
1, 383882, Note_on_c, 0, 84, 83
1, 383893, Note_on_c, 0, 86, 0
1, 383904, Note_on_c, 0, 59, 0
1, 383919, Note_on_c, 0, 62, 0
1, 383976, Note_on_c, 0, 84, 0
1, 383976, Note_on_c, 0, 83, 99
1, 384066, Note_on_c, 0, 81, 85
1, 384074, Note_on_c, 0, 83, 0
1, 384166, Note_on_c, 0, 79, 97
1, 384194, Note_on_c, 0, 81, 0
1, 384295, Note_on_c, 0, 79, 0
1, 384295, Note_on_c, 0, 77, 76
1, 384309, Note_on_c, 0, 67, 19
1, 384317, Note_on_c, 0, 64, 23
1, 384331, Note_on_c, 0, 60, 19
1, 384646, Note_on_c, 0, 75, 48
1, 384657, Note_on_c, 0, 77, 0
1, 384774, Note_on_c, 0, 67, 0
1, 384784, Note_on_c, 0, 76, 41
1, 384784, Note_on_c, 0, 75, 0
1, 384790, Note_on_c, 0, 64, 0
1, 384796, Note_on_c, 0, 60, 0
1, 385195, Note_on_c, 0, 60, 32
1, 385205, Note_on_c, 0, 52, 37
1, 385222, Note_on_c, 0, 55, 30
1, 385319, Note_on_c, 0, 76, 0
1, 385339, Control_c, 0, 64, 127
1, 385447, Control_c, 0, 64, 0
1, 385447, Note_on_c, 0, 81, 50
1, 385537, Note_on_c, 0, 81, 0
1, 385548, Note_on_c, 0, 79, 68
1, 385603, Note_on_c, 0, 60, 0
1, 385637, Note_on_c, 0, 55, 0
1, 385637, Note_on_c, 0, 52, 0
1, 385653, Note_on_c, 0, 77, 69
1, 385657, Note_on_c, 0, 79, 0
1, 385751, Note_on_c, 0, 77, 0
1, 385755, Note_on_c, 0, 76, 58
1, 385869, Note_on_c, 0, 74, 73
1, 385885, Note_on_c, 0, 76, 0
1, 385983, Note_on_c, 0, 72, 59
1, 385988, Note_on_c, 0, 74, 0
1, 386100, Note_on_c, 0, 53, 45
1, 386105, Note_on_c, 0, 62, 22
1, 386128, Note_on_c, 0, 71, 73
1, 386174, Note_on_c, 0, 72, 0
1, 386473, Note_on_c, 0, 69, 51
1, 386479, Note_on_c, 0, 71, 0
1, 386628, Note_on_c, 0, 79, 71
1, 386634, Note_on_c, 0, 69, 0
1, 386682, Control_c, 0, 64, 127
1, 386737, Note_on_c, 0, 77, 66
1, 386766, Note_on_c, 0, 79, 0
1, 386844, Note_on_c, 0, 76, 59
1, 386851, Note_on_c, 0, 53, 0
1, 386871, Note_on_c, 0, 77, 0
1, 386949, Note_on_c, 0, 74, 62
1, 386949, Note_on_c, 0, 76, 0
1, 387041, Note_on_c, 0, 62, 0
1, 387041, Note_on_c, 0, 74, 0
1, 387041, Control_c, 0, 64, 0
1, 387064, Note_on_c, 0, 64, 33
1, 387085, Note_on_c, 0, 72, 43
1, 387085, Note_on_c, 0, 55, 31
1, 387365, Control_c, 0, 64, 127
1, 387525, Note_on_c, 0, 64, 0
1, 387554, Note_on_c, 0, 72, 0
1, 387554, Note_on_c, 0, 71, 59
1, 387561, Note_on_c, 0, 62, 25
1, 387568, Control_c, 0, 64, 0
1, 387805, Note_on_c, 0, 55, 0
1, 387823, Note_on_c, 0, 71, 0
1, 387823, Note_on_c, 0, 62, 0
1, 387832, Control_c, 0, 64, 127
1, 388013, Control_c, 0, 64, 0
1, 388019, Note_on_c, 0, 74, 50
1, 388024, Note_on_c, 0, 60, 25
1, 388033, Note_on_c, 0, 65, 23
1, 388036, Note_on_c, 0, 71, 21
1, 388039, Note_on_c, 0, 67, 15
1, 388287, Control_c, 0, 64, 127
1, 388305, Note_on_c, 0, 60, 0
1, 388540, Control_c, 0, 64, 0
1, 388573, Note_on_c, 0, 55, 21
1, 388732, Control_c, 0, 64, 127
1, 388749, Note_on_c, 0, 71, 0
1, 388765, Note_on_c, 0, 67, 0
1, 388779, Note_on_c, 0, 65, 0
1, 388947, Note_on_c, 0, 55, 0
1, 389106, Note_on_c, 0, 72, 17
1, 389116, Note_on_c, 0, 48, 13
1, 389116, Note_on_c, 0, 64, 18
1, 389169, Note_on_c, 0, 74, 0
1, 389175, Control_c, 0, 64, 0
1, 389548, Note_on_c, 0, 64, 0
1, 389557, Control_c, 0, 64, 127
1, 389567, Note_on_c, 0, 48, 0
1, 389640, Note_on_c, 0, 72, 0
1, 389702, Control_c, 0, 64, 0
1, 390055, Note_on_c, 0, 72, 40
1, 390649, Control_c, 0, 64, 127
1, 390724, Note_on_c, 0, 67, 39
1, 390772, Note_on_c, 0, 72, 0
1, 390805, Control_c, 0, 64, 0
1, 390953, Note_on_c, 0, 76, 60
1, 390978, Note_on_c, 0, 67, 0
1, 391735, Note_on_c, 0, 72, 45
1, 391838, Note_on_c, 0, 76, 0
1, 392003, Note_on_c, 0, 60, 41
1, 392003, Note_on_c, 0, 79, 53
1, 392013, Note_on_c, 0, 72, 0
1, 392258, Note_on_c, 0, 79, 0
1, 392507, Note_on_c, 0, 79, 59
1, 392723, Note_on_c, 0, 55, 58
1, 392796, Note_on_c, 0, 60, 0
1, 393000, Note_on_c, 0, 64, 70
1, 393005, Note_on_c, 0, 55, 0
1, 393346, Note_on_c, 0, 79, 0
1, 393370, Control_c, 0, 64, 127
1, 393449, Note_on_c, 0, 79, 80
1, 393478, Control_c, 0, 64, 0
1, 393609, Control_c, 0, 64, 127
1, 393637, Note_on_c, 0, 64, 0
1, 393649, Note_on_c, 0, 79, 0
1, 393690, Note_on_c, 0, 60, 51
1, 393777, Note_on_c, 0, 60, 0
1, 393921, Control_c, 0, 64, 0
1, 393925, Note_on_c, 0, 79, 83
1, 393925, Note_on_c, 0, 81, 80
1, 393935, Note_on_c, 0, 72, 67
1, 393961, Note_on_c, 0, 53, 85
1, 394315, Control_c, 0, 64, 127
1, 394337, Note_on_c, 0, 81, 0
1, 394368, Note_on_c, 0, 72, 0
1, 394470, Note_on_c, 0, 81, 60
1, 394470, Control_c, 0, 64, 0
1, 394478, Note_on_c, 0, 77, 59
1, 394481, Note_on_c, 0, 72, 39
1, 394496, Note_on_c, 0, 79, 0
1, 394687, Note_on_c, 0, 48, 45
1, 394690, Note_on_c, 0, 53, 0
1, 394950, Note_on_c, 0, 48, 0
1, 394956, Note_on_c, 0, 57, 46
1, 395212, Note_on_c, 0, 81, 0
1, 395239, Note_on_c, 0, 77, 0
1, 395239, Note_on_c, 0, 72, 0
1, 395262, Control_c, 0, 64, 127
1, 395382, Note_on_c, 0, 77, 59
1, 395387, Note_on_c, 0, 81, 69
1, 395395, Note_on_c, 0, 72, 56
1, 395451, Note_on_c, 0, 72, 0
1, 395488, Note_on_c, 0, 57, 0
1, 395506, Note_on_c, 0, 81, 0
1, 395506, Note_on_c, 0, 77, 0
1, 395598, Note_on_c, 0, 53, 83
1, 395679, Note_on_c, 0, 53, 0
1, 395802, Control_c, 0, 64, 0
1, 395852, Note_on_c, 0, 79, 88
1, 395852, Note_on_c, 0, 77, 76
1, 395860, Note_on_c, 0, 72, 61
1, 395871, Note_on_c, 0, 48, 56
1, 396245, Control_c, 0, 64, 127
1, 396275, Note_on_c, 0, 79, 0
1, 396287, Note_on_c, 0, 72, 0
1, 396388, Control_c, 0, 64, 0
1, 396403, Note_on_c, 0, 79, 71
1, 396409, Note_on_c, 0, 76, 48
1, 396418, Note_on_c, 0, 72, 40
1, 396487, Note_on_c, 0, 77, 0
1, 396590, Note_on_c, 0, 48, 0
1, 396596, Note_on_c, 0, 43, 53
1, 396825, Note_on_c, 0, 43, 0
1, 396850, Note_on_c, 0, 52, 58
1, 397120, Control_c, 0, 64, 127
1, 397154, Note_on_c, 0, 79, 0
1, 397170, Note_on_c, 0, 76, 0
1, 397178, Note_on_c, 0, 72, 0
1, 397301, Note_on_c, 0, 79, 87
1, 397309, Note_on_c, 0, 76, 28
1, 397309, Note_on_c, 0, 72, 47
1, 397445, Control_c, 0, 64, 0
1, 397480, Note_on_c, 0, 52, 0
1, 397518, Note_on_c, 0, 48, 45
1, 397546, Note_on_c, 0, 76, 0
1, 397601, Note_on_c, 0, 48, 0
1, 397612, Control_c, 0, 64, 127
1, 397644, Note_on_c, 0, 79, 0
1, 397657, Note_on_c, 0, 72, 0
1, 397803, Control_c, 0, 64, 0
1, 397807, Note_on_c, 0, 79, 87
1, 397817, Note_on_c, 0, 65, 44
1, 397836, Note_on_c, 0, 57, 38
1, 397842, Note_on_c, 0, 60, 26
1, 398089, Note_on_c, 0, 77, 74
1, 398109, Note_on_c, 0, 79, 0
1, 398298, Note_on_c, 0, 77, 0
1, 398368, Note_on_c, 0, 77, 50
1, 398571, Note_on_c, 0, 60, 0
1, 398579, Note_on_c, 0, 57, 0
1, 398585, Note_on_c, 0, 65, 0
1, 398847, Note_on_c, 0, 67, 26
1, 398872, Note_on_c, 0, 62, 22
1, 398878, Note_on_c, 0, 59, 19
1, 398914, Note_on_c, 0, 77, 0
1, 398942, Control_c, 0, 64, 127
1, 399103, Note_on_c, 0, 88, 64
1, 399212, Note_on_c, 0, 86, 74
1, 399229, Note_on_c, 0, 88, 0
1, 399318, Note_on_c, 0, 86, 0
1, 399328, Note_on_c, 0, 84, 80
1, 399340, Note_on_c, 0, 67, 0
1, 399343, Note_on_c, 0, 62, 0
1, 399349, Control_c, 0, 64, 0
1, 399352, Note_on_c, 0, 59, 0
1, 399416, Note_on_c, 0, 83, 104
1, 399429, Note_on_c, 0, 84, 0
1, 399516, Note_on_c, 0, 81, 83
1, 399538, Note_on_c, 0, 83, 0
1, 399621, Note_on_c, 0, 79, 88
1, 399641, Note_on_c, 0, 81, 0
1, 399764, Note_on_c, 0, 77, 72
1, 399772, Note_on_c, 0, 79, 0
1, 399785, Note_on_c, 0, 67, 35
1, 399785, Note_on_c, 0, 64, 31
1, 399803, Note_on_c, 0, 60, 27
1, 400157, Note_on_c, 0, 75, 41
1, 400178, Note_on_c, 0, 77, 0
1, 400307, Note_on_c, 0, 67, 0
1, 400307, Note_on_c, 0, 76, 43
1, 400310, Note_on_c, 0, 75, 0
1, 400324, Note_on_c, 0, 64, 0
1, 400338, Note_on_c, 0, 60, 0
1, 400753, Note_on_c, 0, 60, 35
1, 400758, Note_on_c, 0, 52, 40
1, 400771, Note_on_c, 0, 55, 35
1, 400827, Note_on_c, 0, 76, 0
1, 400994, Note_on_c, 0, 81, 67
1, 401086, Note_on_c, 0, 81, 0
1, 401092, Note_on_c, 0, 79, 71
1, 401193, Note_on_c, 0, 79, 0
1, 401198, Note_on_c, 0, 55, 0
1, 401201, Note_on_c, 0, 60, 0
1, 401206, Note_on_c, 0, 52, 0
1, 401215, Note_on_c, 0, 77, 76
1, 401317, Note_on_c, 0, 77, 0
1, 401323, Note_on_c, 0, 76, 60
1, 401433, Note_on_c, 0, 76, 0
1, 401444, Note_on_c, 0, 74, 71
1, 401522, Note_on_c, 0, 74, 0
1, 401557, Note_on_c, 0, 72, 55
1, 401674, Note_on_c, 0, 72, 0
1, 401716, Note_on_c, 0, 71, 67
1, 401741, Note_on_c, 0, 53, 53
1, 401744, Note_on_c, 0, 62, 26
1, 402104, Note_on_c, 0, 69, 42
1, 402108, Note_on_c, 0, 71, 0
1, 402295, Note_on_c, 0, 69, 0
1, 402313, Note_on_c, 0, 79, 60
1, 402430, Note_on_c, 0, 79, 0
1, 402444, Note_on_c, 0, 77, 48
1, 402538, Control_c, 0, 64, 127
1, 402560, Note_on_c, 0, 77, 0
1, 402560, Note_on_c, 0, 76, 37
1, 402585, Note_on_c, 0, 53, 0
1, 402655, Note_on_c, 0, 76, 0
1, 402677, Note_on_c, 0, 74, 45
1, 402766, Note_on_c, 0, 74, 0
1, 402774, Note_on_c, 0, 62, 0
1, 402825, Control_c, 0, 64, 0
1, 402828, Note_on_c, 0, 72, 42
1, 402847, Note_on_c, 0, 64, 30
1, 402869, Note_on_c, 0, 55, 13
1, 403079, Note_on_c, 0, 72, 0
1, 403160, Control_c, 0, 64, 127
1, 403274, Note_on_c, 0, 64, 0
1, 403327, Note_on_c, 0, 71, 40
1, 403348, Note_on_c, 0, 62, 22
1, 403388, Control_c, 0, 64, 0
1, 403610, Note_on_c, 0, 71, 0
1, 403628, Control_c, 0, 64, 127
1, 403733, Note_on_c, 0, 62, 0
1, 403780, Note_on_c, 0, 55, 0
1, 403844, Control_c, 0, 64, 0
1, 403855, Note_on_c, 0, 74, 44
1, 403876, Note_on_c, 0, 65, 25
1, 403883, Note_on_c, 0, 71, 39
1, 403895, Note_on_c, 0, 67, 11
1, 403906, Note_on_c, 0, 60, 15
1, 404394, Note_on_c, 0, 60, 0
1, 404437, Note_on_c, 0, 55, 22
1, 404658, Control_c, 0, 64, 127
1, 404924, Note_on_c, 0, 71, 0
1, 404934, Control_c, 0, 64, 0
1, 404934, Note_on_c, 0, 65, 0
1, 404950, Note_on_c, 0, 55, 0
1, 404981, Note_on_c, 0, 72, 18
1, 404981, Note_on_c, 0, 64, 25
1, 405003, Note_on_c, 0, 48, 17
1, 405064, Note_on_c, 0, 74, 0
1, 405438, Control_c, 0, 64, 127
1, 405454, Note_on_c, 0, 64, 0
1, 405480, Note_on_c, 0, 67, 0
1, 405510, Note_on_c, 0, 48, 0
1, 405529, Note_on_c, 0, 72, 0
1, 405617, Control_c, 0, 64, 0
1, 405956, Note_on_c, 0, 79, 68
1, 405962, Note_on_c, 0, 55, 26
1, 406096, Control_c, 0, 64, 127
1, 406135, Note_on_c, 0, 55, 0
1, 406210, Note_on_c, 0, 64, 25
1, 406224, Note_on_c, 0, 60, 16
1, 406273, Note_on_c, 0, 64, 0
1, 406288, Note_on_c, 0, 60, 0
1, 406449, Note_on_c, 0, 64, 43
1, 406449, Note_on_c, 0, 60, 38
1, 406499, Note_on_c, 0, 64, 0
1, 406508, Note_on_c, 0, 60, 0
1, 406667, Note_on_c, 0, 81, 82
1, 406684, Note_on_c, 0, 64, 38
1, 406692, Note_on_c, 0, 60, 32
1, 406731, Note_on_c, 0, 79, 0
1, 406739, Note_on_c, 0, 64, 0
1, 406756, Note_on_c, 0, 60, 0
1, 406756, Note_on_c, 0, 83, 104
1, 406784, Note_on_c, 0, 81, 0
1, 406805, Control_c, 0, 64, 0
1, 406865, Note_on_c, 0, 84, 94
1, 406876, Note_on_c, 0, 55, 39
1, 406887, Note_on_c, 0, 83, 0
1, 406962, Note_on_c, 0, 84, 0
1, 407079, Note_on_c, 0, 64, 43
1, 407079, Note_on_c, 0, 83, 94
1, 407089, Note_on_c, 0, 60, 39
1, 407126, Note_on_c, 0, 55, 0
1, 407134, Note_on_c, 0, 64, 0
1, 407142, Note_on_c, 0, 83, 0
1, 407142, Note_on_c, 0, 60, 0
1, 407282, Note_on_c, 0, 81, 73
1, 407298, Note_on_c, 0, 60, 46
1, 407298, Note_on_c, 0, 64, 47
1, 407332, Note_on_c, 0, 81, 0
1, 407343, Note_on_c, 0, 64, 0
1, 407352, Note_on_c, 0, 60, 0
1, 407496, Note_on_c, 0, 79, 83
1, 407507, Note_on_c, 0, 60, 41
1, 407511, Note_on_c, 0, 64, 46
1, 407533, Note_on_c, 0, 79, 0
1, 407558, Note_on_c, 0, 60, 0
1, 407558, Note_on_c, 0, 64, 0
1, 407709, Note_on_c, 0, 79, 92
1, 407714, Note_on_c, 0, 55, 47
1, 407923, Note_on_c, 0, 65, 41
1, 407936, Note_on_c, 0, 77, 78
1, 407940, Note_on_c, 0, 62, 37
1, 407950, Note_on_c, 0, 79, 0
1, 407979, Control_c, 0, 64, 127
1, 407992, Note_on_c, 0, 65, 0
1, 407996, Note_on_c, 0, 62, 0
1, 408025, Note_on_c, 0, 77, 0
1, 408025, Control_c, 0, 64, 0
1, 408140, Note_on_c, 0, 76, 69
1, 408170, Note_on_c, 0, 65, 37
1, 408177, Note_on_c, 0, 62, 38
1, 408180, Note_on_c, 0, 55, 0
1, 408226, Note_on_c, 0, 65, 0
1, 408226, Note_on_c, 0, 62, 0
1, 408357, Note_on_c, 0, 74, 73
1, 408369, Note_on_c, 0, 76, 0
1, 408374, Note_on_c, 0, 62, 41
1, 408374, Note_on_c, 0, 65, 35
1, 408422, Note_on_c, 0, 62, 0
1, 408430, Note_on_c, 0, 65, 0
1, 408446, Note_on_c, 0, 74, 0
1, 408580, Note_on_c, 0, 72, 68
1, 408603, Note_on_c, 0, 55, 35
1, 408797, Note_on_c, 0, 65, 36
1, 408811, Note_on_c, 0, 62, 31
1, 408856, Note_on_c, 0, 65, 0
1, 408865, Note_on_c, 0, 62, 0
1, 408879, Note_on_c, 0, 55, 0
1, 409020, Note_on_c, 0, 71, 48
1, 409032, Note_on_c, 0, 65, 38
1, 409045, Note_on_c, 0, 62, 35
1, 409062, Note_on_c, 0, 72, 0
1, 409092, Note_on_c, 0, 65, 0
1, 409096, Note_on_c, 0, 62, 0
1, 409263, Note_on_c, 0, 65, 34
1, 409276, Note_on_c, 0, 62, 29
1, 409321, Note_on_c, 0, 65, 0
1, 409326, Note_on_c, 0, 62, 0
1, 409517, Note_on_c, 0, 72, 53
1, 409525, Note_on_c, 0, 71, 0
1, 409525, Note_on_c, 0, 67, 28
1, 409541, Note_on_c, 0, 64, 22
1, 409716, Control_c, 0, 64, 127
1, 409726, Note_on_c, 0, 72, 0
1, 409739, Note_on_c, 0, 74, 61
1, 409776, Note_on_c, 0, 72, 73
1, 409781, Note_on_c, 0, 74, 0
1, 409834, Note_on_c, 0, 72, 0
1, 409843, Note_on_c, 0, 71, 71
1, 409906, Note_on_c, 0, 71, 0
1, 409910, Note_on_c, 0, 72, 70
1, 409920, Control_c, 0, 64, 0
1, 409982, Note_on_c, 0, 67, 0
1, 410112, Control_c, 0, 64, 127
1, 410137, Note_on_c, 0, 74, 78
1, 410148, Control_c, 0, 64, 0
1, 410154, Note_on_c, 0, 64, 0
1, 410154, Note_on_c, 0, 67, 31
1, 410165, Note_on_c, 0, 59, 39
1, 410173, Note_on_c, 0, 72, 0
1, 410238, Note_on_c, 0, 67, 0
1, 410352, Control_c, 0, 64, 127
1, 410368, Note_on_c, 0, 74, 0
1, 410371, Note_on_c, 0, 76, 65
1, 410377, Note_on_c, 0, 59, 0
1, 410385, Note_on_c, 0, 60, 41
1, 410385, Note_on_c, 0, 67, 34
1, 410399, Control_c, 0, 64, 0
1, 410580, Note_on_c, 0, 76, 0
1, 410583, Note_on_c, 0, 77, 54
1, 410603, Control_c, 0, 64, 127
1, 410627, Note_on_c, 0, 77, 0
1, 410630, Note_on_c, 0, 76, 63
1, 410675, Control_c, 0, 64, 0
1, 410692, Note_on_c, 0, 76, 0
1, 410708, Note_on_c, 0, 74, 52
1, 410754, Note_on_c, 0, 67, 0
1, 410759, Note_on_c, 0, 74, 0
1, 410773, Note_on_c, 0, 76, 47
1, 410831, Control_c, 0, 64, 127
1, 410864, Note_on_c, 0, 60, 0
1, 410939, Control_c, 0, 64, 0
1, 410998, Note_on_c, 0, 77, 48
1, 411006, Note_on_c, 0, 62, 30
1, 411010, Note_on_c, 0, 76, 0
1, 411015, Note_on_c, 0, 53, 52
1, 411096, Note_on_c, 0, 62, 0
1, 411249, Note_on_c, 0, 76, 60
1, 411258, Note_on_c, 0, 60, 31
1, 411280, Note_on_c, 0, 53, 0
1, 411285, Note_on_c, 0, 55, 34
1, 411394, Note_on_c, 0, 77, 0
1, 411826, Control_c, 0, 64, 127
1, 411898, Note_on_c, 0, 76, 0
1, 411917, Note_on_c, 0, 77, 46
1, 411971, Note_on_c, 0, 77, 0
1, 411985, Note_on_c, 0, 76, 30
1, 412054, Control_c, 0, 64, 0
1, 412071, Note_on_c, 0, 76, 0
1, 412077, Note_on_c, 0, 74, 53
1, 412090, Note_on_c, 0, 60, 0
1, 412096, Note_on_c, 0, 59, 29
1, 412271, Note_on_c, 0, 74, 0
1, 412276, Note_on_c, 0, 76, 70
1, 412293, Control_c, 0, 64, 127
1, 412333, Note_on_c, 0, 55, 0
1, 412333, Note_on_c, 0, 59, 0
1, 412364, Note_on_c, 0, 76, 0
1, 412438, Control_c, 0, 64, 0
1, 412478, Note_on_c, 0, 77, 81
1, 412558, Note_on_c, 0, 77, 0
1, 412667, Note_on_c, 0, 78, 80
1, 412787, Note_on_c, 0, 78, 0
1, 412885, Note_on_c, 0, 55, 38
1, 412885, Note_on_c, 0, 79, 84
1, 413001, Control_c, 0, 64, 127
1, 413040, Note_on_c, 0, 79, 0
1, 413071, Note_on_c, 0, 55, 0
1, 413110, Note_on_c, 0, 81, 60
1, 413129, Note_on_c, 0, 67, 43
1, 413135, Note_on_c, 0, 64, 33
1, 413151, Note_on_c, 0, 81, 0
1, 413151, Note_on_c, 0, 79, 61
1, 413183, Note_on_c, 0, 67, 0
1, 413191, Note_on_c, 0, 64, 0
1, 413196, Note_on_c, 0, 79, 0
1, 413201, Note_on_c, 0, 78, 67
1, 413227, Control_c, 0, 64, 0
1, 413300, Note_on_c, 0, 78, 0
1, 413300, Note_on_c, 0, 79, 95
1, 413318, Note_on_c, 0, 67, 56
1, 413335, Note_on_c, 0, 64, 44
1, 413368, Note_on_c, 0, 67, 0
1, 413374, Note_on_c, 0, 64, 0
1, 413511, Note_on_c, 0, 81, 92
1, 413516, Note_on_c, 0, 67, 55
1, 413528, Note_on_c, 0, 64, 39
1, 413541, Note_on_c, 0, 79, 0
1, 413575, Note_on_c, 0, 67, 0
1, 413583, Note_on_c, 0, 64, 0
1, 413608, Note_on_c, 0, 83, 111
1, 413631, Note_on_c, 0, 81, 0
1, 413715, Note_on_c, 0, 84, 104
1, 413726, Note_on_c, 0, 83, 0
1, 413731, Note_on_c, 0, 55, 33
1, 413815, Note_on_c, 0, 86, 99
1, 413846, Note_on_c, 0, 55, 0
1, 413851, Note_on_c, 0, 84, 0
1, 413915, Note_on_c, 0, 88, 89
1, 413918, Note_on_c, 0, 86, 0
1, 413923, Note_on_c, 0, 67, 39
1, 413945, Note_on_c, 0, 64, 46
1, 413981, Note_on_c, 0, 67, 0
1, 413988, Note_on_c, 0, 64, 0
1, 414010, Note_on_c, 0, 86, 82
1, 414026, Note_on_c, 0, 88, 0
1, 414096, Note_on_c, 0, 86, 0
1, 414107, Note_on_c, 0, 84, 79
1, 414124, Note_on_c, 0, 67, 49
1, 414152, Note_on_c, 0, 64, 31
1, 414174, Note_on_c, 0, 67, 0
1, 414197, Note_on_c, 0, 64, 0
1, 414200, Note_on_c, 0, 83, 99
1, 414205, Note_on_c, 0, 84, 0
1, 414307, Note_on_c, 0, 81, 75
1, 414314, Note_on_c, 0, 67, 47
1, 414321, Note_on_c, 0, 64, 28
1, 414328, Note_on_c, 0, 83, 0
1, 414366, Note_on_c, 0, 64, 0
1, 414399, Note_on_c, 0, 81, 0
1, 414399, Note_on_c, 0, 79, 80
1, 414405, Note_on_c, 0, 67, 0
1, 414433, Note_on_c, 0, 79, 0
1, 414438, Control_c, 0, 64, 127
1, 414474, Control_c, 0, 64, 0
1, 414506, Note_on_c, 0, 79, 73
1, 414511, Note_on_c, 0, 55, 49
1, 414578, Note_on_c, 0, 79, 0
1, 414595, Note_on_c, 0, 77, 73
1, 414655, Note_on_c, 0, 55, 0
1, 414684, Note_on_c, 0, 77, 0
1, 414723, Note_on_c, 0, 89, 88
1, 414723, Note_on_c, 0, 65, 46
1, 414739, Note_on_c, 0, 62, 31
1, 414778, Note_on_c, 0, 65, 0
1, 414795, Note_on_c, 0, 62, 0
1, 414828, Note_on_c, 0, 88, 84
1, 414867, Note_on_c, 0, 89, 0
1, 414867, Note_on_c, 0, 88, 0
1, 414943, Note_on_c, 0, 88, 88
1, 414948, Note_on_c, 0, 65, 52
1, 414973, Note_on_c, 0, 62, 39
1, 415002, Note_on_c, 0, 65, 0
1, 415020, Note_on_c, 0, 62, 0
1, 415052, Note_on_c, 0, 86, 81
1, 415071, Note_on_c, 0, 88, 0
1, 415088, Note_on_c, 0, 86, 0
1, 415149, Note_on_c, 0, 86, 88
1, 415166, Note_on_c, 0, 65, 50
1, 415177, Note_on_c, 0, 62, 36
1, 415221, Note_on_c, 0, 65, 0
1, 415230, Note_on_c, 0, 62, 0
1, 415244, Note_on_c, 0, 84, 93
1, 415264, Note_on_c, 0, 86, 0
1, 415275, Note_on_c, 0, 84, 0
1, 415344, Note_on_c, 0, 84, 86
1, 415363, Note_on_c, 0, 55, 48
1, 415442, Note_on_c, 0, 55, 0
1, 415447, Note_on_c, 0, 83, 101
1, 415463, Note_on_c, 0, 84, 0
1, 415477, Note_on_c, 0, 83, 0
1, 415533, Note_on_c, 0, 83, 95
1, 415561, Note_on_c, 0, 65, 39
1, 415567, Note_on_c, 0, 62, 42
1, 415611, Note_on_c, 0, 65, 0
1, 415619, Note_on_c, 0, 62, 0
1, 415634, Note_on_c, 0, 81, 77
1, 415644, Note_on_c, 0, 83, 0
1, 415665, Note_on_c, 0, 81, 0
1, 415732, Note_on_c, 0, 81, 66
1, 415754, Note_on_c, 0, 65, 45
1, 415768, Note_on_c, 0, 62, 36
1, 415803, Note_on_c, 0, 65, 0
1, 415814, Note_on_c, 0, 62, 0
1, 415835, Note_on_c, 0, 79, 89
1, 415848, Note_on_c, 0, 81, 0
1, 415868, Note_on_c, 0, 79, 0
1, 415889, Control_c, 0, 64, 127
1, 415945, Note_on_c, 0, 79, 65
1, 415959, Note_on_c, 0, 65, 42
1, 415971, Note_on_c, 0, 62, 30
1, 416002, Note_on_c, 0, 65, 0
1, 416029, Note_on_c, 0, 62, 0
1, 416062, Note_on_c, 0, 77, 77
1, 416071, Note_on_c, 0, 79, 0
1, 416185, Note_on_c, 0, 64, 44
1, 416190, Note_on_c, 0, 60, 26
1, 416193, Note_on_c, 0, 77, 0
1, 416218, Note_on_c, 0, 76, 72
1, 416296, Control_c, 0, 64, 0
1, 416514, Note_on_c, 0, 64, 0
1, 416523, Control_c, 0, 64, 127
1, 416572, Note_on_c, 0, 60, 0
1, 416662, Note_on_c, 0, 84, 76
1, 416742, Note_on_c, 0, 76, 0
1, 416773, Note_on_c, 0, 84, 0
1, 416829, Note_on_c, 0, 84, 78
1, 416837, Note_on_c, 0, 66, 23
1, 416892, Note_on_c, 0, 57, 14
1, 416899, Note_on_c, 0, 60, 7
1, 417063, Control_c, 0, 64, 0
1, 417483, Control_c, 0, 64, 127
1, 417845, Note_on_c, 0, 86, 55
1, 417868, Note_on_c, 0, 84, 0
1, 418076, Note_on_c, 0, 88, 54
1, 418090, Note_on_c, 0, 86, 0
1, 418177, Control_c, 0, 64, 0
1, 418252, Note_on_c, 0, 86, 74
1, 418313, Note_on_c, 0, 88, 0
1, 418453, Note_on_c, 0, 84, 84
1, 418506, Note_on_c, 0, 86, 0
1, 418765, Control_c, 0, 64, 127
1, 418820, Note_on_c, 0, 57, 0
1, 418824, Note_on_c, 0, 60, 0
1, 418893, Note_on_c, 0, 66, 0
1, 418949, Note_on_c, 0, 78, 60
1, 419239, Note_on_c, 0, 81, 64
1, 419264, Note_on_c, 0, 60, 26
1, 419275, Note_on_c, 0, 55, 18
1, 419352, Control_c, 0, 64, 0
1, 419352, Note_on_c, 0, 78, 0
1, 419367, Note_on_c, 0, 84, 0
1, 420035, Control_c, 0, 64, 127
1, 420225, Note_on_c, 0, 60, 0
1, 420584, Note_on_c, 0, 79, 32
1, 420598, Control_c, 0, 64, 0
1, 420632, Note_on_c, 0, 81, 0
1, 420639, Note_on_c, 0, 59, 11
1, 421079, Control_c, 0, 64, 127
1, 421168, Note_on_c, 0, 55, 0
1, 421231, Note_on_c, 0, 59, 0
1, 421289, Note_on_c, 0, 79, 0
1, 421593, Control_c, 0, 64, 0
1, 421756, Note_on_c, 0, 81, 36
1, 421898, Note_on_c, 0, 81, 0
1, 421902, Note_on_c, 0, 79, 43
1, 422024, Note_on_c, 0, 79, 0
1, 422038, Note_on_c, 0, 77, 51
1, 422155, Note_on_c, 0, 76, 46
1, 422183, Note_on_c, 0, 77, 0
1, 422295, Note_on_c, 0, 74, 62
1, 422320, Note_on_c, 0, 76, 0
1, 422479, Note_on_c, 0, 72, 55
1, 422515, Note_on_c, 0, 74, 0
1, 423244, Note_on_c, 0, 67, 57
1, 423325, Note_on_c, 0, 72, 0
1, 423481, Note_on_c, 0, 76, 60
1, 423522, Note_on_c, 0, 67, 0
1, 424206, Note_on_c, 0, 72, 53
1, 424320, Note_on_c, 0, 76, 0
1, 424476, Note_on_c, 0, 79, 65
1, 424476, Note_on_c, 0, 60, 54
1, 424500, Note_on_c, 0, 72, 0
1, 424765, Note_on_c, 0, 79, 0
1, 424988, Note_on_c, 0, 79, 73
1, 425214, Note_on_c, 0, 55, 62
1, 425258, Note_on_c, 0, 60, 0
1, 425454, Note_on_c, 0, 55, 0
1, 425461, Note_on_c, 0, 64, 66
1, 425776, Control_c, 0, 64, 127
1, 425779, Note_on_c, 0, 79, 0
1, 425905, Note_on_c, 0, 79, 80
1, 426046, Note_on_c, 0, 64, 0
1, 426106, Note_on_c, 0, 79, 0
1, 426136, Note_on_c, 0, 60, 70
1, 426238, Note_on_c, 0, 60, 0
1, 426350, Note_on_c, 0, 81, 82
1, 426350, Note_on_c, 0, 72, 69
1, 426350, Note_on_c, 0, 79, 87
1, 426365, Note_on_c, 0, 53, 99
1, 426411, Control_c, 0, 64, 0
1, 426676, Control_c, 0, 64, 127
1, 426676, Note_on_c, 0, 81, 0
1, 426709, Note_on_c, 0, 72, 0
1, 426813, Note_on_c, 0, 81, 77
1, 426813, Note_on_c, 0, 77, 71
1, 426829, Note_on_c, 0, 72, 48
1, 426843, Control_c, 0, 64, 0
1, 426851, Note_on_c, 0, 79, 0
1, 427039, Note_on_c, 0, 53, 0
1, 427044, Note_on_c, 0, 48, 65
1, 427319, Note_on_c, 0, 57, 44
1, 427323, Note_on_c, 0, 48, 0
1, 427358, Control_c, 0, 64, 127
1, 427478, Control_c, 0, 64, 0
1, 427634, Control_c, 0, 64, 127
1, 427640, Note_on_c, 0, 77, 0
1, 427649, Note_on_c, 0, 72, 0
1, 427656, Note_on_c, 0, 81, 0
1, 427746, Note_on_c, 0, 81, 78
1, 427754, Note_on_c, 0, 77, 57
1, 427760, Note_on_c, 0, 72, 53
1, 427888, Note_on_c, 0, 57, 0
1, 427888, Note_on_c, 0, 72, 0
1, 427924, Note_on_c, 0, 77, 0
1, 427940, Note_on_c, 0, 81, 0
1, 427977, Note_on_c, 0, 53, 70
1, 428030, Note_on_c, 0, 53, 0
1, 428202, Note_on_c, 0, 79, 92
1, 428202, Note_on_c, 0, 72, 63
1, 428202, Note_on_c, 0, 77, 82
1, 428217, Note_on_c, 0, 48, 63
1, 428317, Control_c, 0, 64, 0
1, 428593, Control_c, 0, 64, 127
1, 428645, Note_on_c, 0, 79, 0
1, 428645, Note_on_c, 0, 72, 0
1, 428684, Note_on_c, 0, 77, 0
1, 428735, Note_on_c, 0, 72, 43
1, 428741, Note_on_c, 0, 79, 73
1, 428746, Note_on_c, 0, 76, 53
1, 428783, Control_c, 0, 64, 0
1, 428944, Note_on_c, 0, 43, 60
1, 428944, Note_on_c, 0, 48, 0
1, 429203, Control_c, 0, 64, 127
1, 429209, Note_on_c, 0, 43, 0
1, 429219, Note_on_c, 0, 52, 57
1, 429336, Control_c, 0, 64, 0
1, 429528, Control_c, 0, 64, 127
1, 429554, Note_on_c, 0, 76, 0
1, 429562, Note_on_c, 0, 79, 0
1, 429570, Note_on_c, 0, 72, 0
1, 429688, Note_on_c, 0, 79, 85
1, 429702, Note_on_c, 0, 72, 42
1, 429709, Note_on_c, 0, 76, 25
1, 429768, Note_on_c, 0, 76, 0
1, 429780, Note_on_c, 0, 52, 0
1, 429788, Note_on_c, 0, 72, 0
1, 429908, Note_on_c, 0, 79, 0
1, 429927, Note_on_c, 0, 48, 56
1, 429966, Note_on_c, 0, 48, 0
1, 430175, Control_c, 0, 64, 0
1, 430186, Note_on_c, 0, 79, 94
1, 430208, Note_on_c, 0, 65, 36
1, 430214, Note_on_c, 0, 57, 33
1, 430220, Note_on_c, 0, 60, 32
1, 430445, Note_on_c, 0, 77, 82
1, 430478, Note_on_c, 0, 79, 0
1, 430498, Control_c, 0, 64, 127
1, 430610, Note_on_c, 0, 77, 0
1, 430684, Note_on_c, 0, 77, 46
1, 430702, Control_c, 0, 64, 0
1, 430841, Note_on_c, 0, 65, 0
1, 430846, Note_on_c, 0, 57, 0
1, 430871, Note_on_c, 0, 60, 0
1, 430918, Control_c, 0, 64, 127
1, 430953, Control_c, 0, 64, 0
1, 431166, Note_on_c, 0, 67, 26
1, 431173, Note_on_c, 0, 59, 21
1, 431176, Note_on_c, 0, 62, 20
1, 431230, Control_c, 0, 64, 127
1, 431248, Note_on_c, 0, 77, 0
1, 431453, Note_on_c, 0, 88, 57
1, 431565, Note_on_c, 0, 86, 75
1, 431573, Note_on_c, 0, 88, 0
1, 431674, Note_on_c, 0, 84, 86
1, 431679, Note_on_c, 0, 86, 0
1, 431696, Control_c, 0, 64, 0
1, 431746, Note_on_c, 0, 67, 0
1, 431751, Note_on_c, 0, 62, 0
1, 431765, Note_on_c, 0, 59, 0
1, 431769, Note_on_c, 0, 83, 108
1, 431802, Note_on_c, 0, 84, 0
1, 431877, Note_on_c, 0, 81, 89
1, 431921, Note_on_c, 0, 83, 0
1, 431983, Note_on_c, 0, 79, 83
1, 432013, Note_on_c, 0, 81, 0
1, 432020, Control_c, 0, 64, 127
1, 432092, Control_c, 0, 64, 0
1, 432120, Note_on_c, 0, 64, 21
1, 432123, Note_on_c, 0, 67, 24
1, 432123, Note_on_c, 0, 77, 73
1, 432131, Note_on_c, 0, 79, 0
1, 432147, Note_on_c, 0, 60, 17
1, 432521, Note_on_c, 0, 75, 43
1, 432535, Note_on_c, 0, 77, 0
1, 432630, Note_on_c, 0, 67, 0
1, 432646, Note_on_c, 0, 64, 0
1, 432649, Note_on_c, 0, 75, 0
1, 432649, Note_on_c, 0, 76, 42
1, 432666, Note_on_c, 0, 60, 0
1, 433098, Note_on_c, 0, 60, 32
1, 433109, Note_on_c, 0, 52, 32
1, 433122, Note_on_c, 0, 55, 24
1, 433254, Control_c, 0, 64, 127
1, 433396, Note_on_c, 0, 76, 0
1, 433415, Note_on_c, 0, 81, 47
1, 433482, Control_c, 0, 64, 0
1, 433510, Note_on_c, 0, 81, 0
1, 433516, Note_on_c, 0, 79, 69
1, 433598, Note_on_c, 0, 79, 0
1, 433626, Note_on_c, 0, 77, 59
1, 433651, Note_on_c, 0, 55, 0
1, 433679, Note_on_c, 0, 52, 0
1, 433679, Note_on_c, 0, 60, 0
1, 433736, Note_on_c, 0, 76, 59
1, 433736, Note_on_c, 0, 77, 0
1, 433849, Note_on_c, 0, 74, 69
1, 433886, Note_on_c, 0, 76, 0
1, 433967, Note_on_c, 0, 72, 57
1, 433970, Note_on_c, 0, 74, 0
1, 434091, Note_on_c, 0, 62, 31
1, 434100, Note_on_c, 0, 53, 50
1, 434100, Note_on_c, 0, 71, 72
1, 434147, Note_on_c, 0, 72, 0
1, 434460, Note_on_c, 0, 69, 53
1, 434471, Note_on_c, 0, 71, 0
1, 434630, Note_on_c, 0, 69, 0
1, 434635, Note_on_c, 0, 79, 66
1, 434747, Note_on_c, 0, 77, 56
1, 434755, Note_on_c, 0, 79, 0
1, 434863, Note_on_c, 0, 76, 47
1, 434872, Note_on_c, 0, 77, 0
1, 434875, Note_on_c, 0, 53, 0
1, 434920, Control_c, 0, 64, 127
1, 434983, Note_on_c, 0, 74, 47
1, 434983, Note_on_c, 0, 76, 0
1, 435028, Control_c, 0, 64, 0
1, 435095, Note_on_c, 0, 62, 0
1, 435101, Note_on_c, 0, 74, 0
1, 435140, Note_on_c, 0, 72, 36
1, 435150, Note_on_c, 0, 64, 22
1, 435150, Note_on_c, 0, 55, 22
1, 435390, Note_on_c, 0, 72, 0
1, 435562, Note_on_c, 0, 64, 0
1, 435646, Note_on_c, 0, 71, 45
1, 435666, Note_on_c, 0, 62, 28
1, 435825, Note_on_c, 0, 71, 0
1, 435842, Control_c, 0, 64, 127
1, 435891, Control_c, 0, 64, 0
1, 436017, Note_on_c, 0, 62, 0
1, 436162, Note_on_c, 0, 74, 38
1, 436165, Note_on_c, 0, 67, 28
1, 436165, Note_on_c, 0, 65, 26
1, 436176, Note_on_c, 0, 60, 33
1, 436179, Note_on_c, 0, 71, 31
1, 436207, Note_on_c, 0, 55, 0
1, 436615, Note_on_c, 0, 60, 0
1, 436729, Note_on_c, 0, 55, 18
1, 436934, Control_c, 0, 64, 127
1, 436937, Note_on_c, 0, 65, 0
1, 437098, Note_on_c, 0, 71, 0
1, 437133, Note_on_c, 0, 55, 0
1, 437221, Control_c, 0, 64, 0
1, 437256, Note_on_c, 0, 48, 19
1, 437264, Note_on_c, 0, 72, 24
1, 437284, Note_on_c, 0, 64, 18
1, 437359, Note_on_c, 0, 74, 0
1, 437694, Note_on_c, 0, 64, 0
1, 437700, Control_c, 0, 64, 127
1, 437732, Note_on_c, 0, 48, 0
1, 437760, Note_on_c, 0, 67, 0
1, 437760, Note_on_c, 0, 72, 0
1, 437856, Control_c, 0, 64, 0
1, 438187, Note_on_c, 0, 79, 58
1, 438212, Note_on_c, 0, 55, 26
1, 438299, Control_c, 0, 64, 127
1, 438313, Note_on_c, 0, 55, 0
1, 438455, Note_on_c, 0, 60, 28
1, 438460, Note_on_c, 0, 64, 27
1, 438518, Note_on_c, 0, 60, 0
1, 438521, Note_on_c, 0, 64, 0
1, 438724, Note_on_c, 0, 64, 27
1, 438724, Note_on_c, 0, 60, 36
1, 438778, Note_on_c, 0, 64, 0
1, 438778, Note_on_c, 0, 60, 0
1, 438966, Note_on_c, 0, 81, 56
1, 438978, Note_on_c, 0, 64, 22
1, 438981, Note_on_c, 0, 60, 29
1, 439014, Note_on_c, 0, 79, 0
1, 439045, Note_on_c, 0, 64, 0
1, 439050, Note_on_c, 0, 60, 0
1, 439065, Note_on_c, 0, 83, 93
1, 439076, Note_on_c, 0, 81, 0
1, 439187, Note_on_c, 0, 83, 0
1, 439187, Control_c, 0, 64, 0
1, 439195, Note_on_c, 0, 55, 36
1, 439195, Note_on_c, 0, 84, 75
1, 439306, Note_on_c, 0, 84, 0
1, 439366, Control_c, 0, 64, 127
1, 439402, Control_c, 0, 64, 0
1, 439426, Note_on_c, 0, 83, 80
1, 439438, Note_on_c, 0, 64, 33
1, 439444, Note_on_c, 0, 60, 25
1, 439465, Note_on_c, 0, 55, 0
1, 439507, Note_on_c, 0, 64, 0
1, 439512, Note_on_c, 0, 60, 0
1, 439558, Note_on_c, 0, 83, 0
1, 439650, Note_on_c, 0, 81, 70
1, 439672, Note_on_c, 0, 64, 38
1, 439680, Note_on_c, 0, 60, 20
1, 439730, Note_on_c, 0, 64, 0
1, 439739, Note_on_c, 0, 60, 0
1, 439755, Note_on_c, 0, 81, 0
1, 439875, Note_on_c, 0, 79, 90
1, 439884, Note_on_c, 0, 64, 30
1, 439889, Note_on_c, 0, 60, 43
1, 439947, Note_on_c, 0, 64, 0
1, 439950, Note_on_c, 0, 60, 0
1, 439966, Note_on_c, 0, 79, 0
1, 440097, Note_on_c, 0, 79, 82
1, 440117, Note_on_c, 0, 55, 40
1, 440332, Note_on_c, 0, 77, 64
1, 440337, Note_on_c, 0, 79, 0
1, 440337, Note_on_c, 0, 65, 35
1, 440342, Note_on_c, 0, 62, 31
1, 440385, Note_on_c, 0, 55, 0
1, 440426, Note_on_c, 0, 65, 0
1, 440437, Note_on_c, 0, 62, 0
1, 440451, Note_on_c, 0, 77, 0
1, 440469, Control_c, 0, 64, 127
1, 440541, Control_c, 0, 64, 0
1, 440566, Note_on_c, 0, 76, 60
1, 440600, Note_on_c, 0, 65, 29
1, 440629, Note_on_c, 0, 62, 8
1, 440660, Note_on_c, 0, 65, 0
1, 440683, Note_on_c, 0, 62, 0
1, 440721, Control_c, 0, 64, 127
1, 440769, Control_c, 0, 64, 0
1, 440800, Note_on_c, 0, 74, 62
1, 440800, Note_on_c, 0, 76, 0
1, 440817, Note_on_c, 0, 65, 20
1, 440824, Note_on_c, 0, 62, 28
1, 440887, Note_on_c, 0, 62, 0
1, 440894, Note_on_c, 0, 65, 0
1, 440922, Note_on_c, 0, 74, 0
1, 440925, Control_c, 0, 64, 127
1, 441009, Control_c, 0, 64, 0
1, 441044, Note_on_c, 0, 72, 62
1, 441056, Note_on_c, 0, 55, 31
1, 441226, Note_on_c, 0, 55, 0
1, 441260, Note_on_c, 0, 65, 33
1, 441270, Note_on_c, 0, 62, 27
1, 441327, Note_on_c, 0, 65, 0
1, 441334, Note_on_c, 0, 62, 0
1, 441515, Note_on_c, 0, 65, 26
1, 441524, Note_on_c, 0, 71, 38
1, 441530, Note_on_c, 0, 62, 26
1, 441543, Note_on_c, 0, 72, 0
1, 441579, Note_on_c, 0, 65, 0
1, 441586, Note_on_c, 0, 62, 0
1, 441760, Note_on_c, 0, 62, 21
1, 441760, Note_on_c, 0, 65, 19
1, 441833, Note_on_c, 0, 62, 0
1, 441833, Note_on_c, 0, 65, 0
1, 441847, Control_c, 0, 64, 127
1, 442014, Note_on_c, 0, 71, 0
1, 442022, Note_on_c, 0, 72, 45
1, 442036, Note_on_c, 0, 67, 25
1, 442051, Control_c, 0, 64, 0
1, 442057, Note_on_c, 0, 64, 27
1, 442262, Note_on_c, 0, 72, 0
1, 442279, Control_c, 0, 64, 127
1, 442299, Note_on_c, 0, 74, 53
1, 442335, Note_on_c, 0, 72, 51
1, 442346, Note_on_c, 0, 74, 0
1, 442412, Note_on_c, 0, 72, 0
1, 442412, Note_on_c, 0, 71, 69
1, 442458, Control_c, 0, 64, 0
1, 442458, Note_on_c, 0, 71, 0
1, 442477, Note_on_c, 0, 72, 66
1, 442521, Note_on_c, 0, 67, 0
1, 442639, Control_c, 0, 64, 127
1, 442699, Control_c, 0, 64, 0
1, 442703, Note_on_c, 0, 74, 79
1, 442714, Note_on_c, 0, 64, 0
1, 442719, Note_on_c, 0, 59, 34
1, 442719, Note_on_c, 0, 67, 27
1, 442735, Note_on_c, 0, 72, 0
1, 442795, Note_on_c, 0, 67, 0
1, 442891, Control_c, 0, 64, 127
1, 442936, Note_on_c, 0, 76, 68
1, 442939, Control_c, 0, 64, 0
1, 442958, Note_on_c, 0, 59, 0
1, 442964, Note_on_c, 0, 74, 0
1, 442967, Note_on_c, 0, 60, 34
1, 442972, Note_on_c, 0, 67, 29
1, 443139, Note_on_c, 0, 76, 0
1, 443139, Control_c, 0, 64, 127
1, 443154, Note_on_c, 0, 77, 46
1, 443178, Control_c, 0, 64, 0
1, 443206, Note_on_c, 0, 76, 41
1, 443217, Note_on_c, 0, 77, 0
1, 443293, Note_on_c, 0, 76, 0
1, 443299, Note_on_c, 0, 74, 56
1, 443327, Note_on_c, 0, 67, 0
1, 443357, Note_on_c, 0, 60, 0
1, 443357, Control_c, 0, 64, 127
1, 443362, Note_on_c, 0, 74, 0
1, 443384, Note_on_c, 0, 76, 34
1, 443574, Control_c, 0, 64, 0
1, 443611, Note_on_c, 0, 77, 49
1, 443618, Note_on_c, 0, 62, 34
1, 443628, Note_on_c, 0, 53, 42
1, 443642, Note_on_c, 0, 76, 0
1, 443764, Note_on_c, 0, 62, 0
1, 443825, Control_c, 0, 64, 127
1, 443892, Note_on_c, 0, 76, 53
1, 443914, Note_on_c, 0, 60, 29
1, 443933, Control_c, 0, 64, 0
1, 443937, Note_on_c, 0, 53, 0
1, 443948, Note_on_c, 0, 55, 15
1, 444004, Note_on_c, 0, 77, 0
1, 444532, Control_c, 0, 64, 127
1, 444627, Note_on_c, 0, 76, 0
1, 444649, Note_on_c, 0, 77, 24
1, 444761, Note_on_c, 0, 77, 0
1, 444770, Note_on_c, 0, 76, 34
1, 444856, Control_c, 0, 64, 0
1, 444886, Note_on_c, 0, 60, 0
1, 444890, Note_on_c, 0, 76, 0
1, 444908, Note_on_c, 0, 74, 41
1, 444917, Note_on_c, 0, 59, 13
1, 445145, Note_on_c, 0, 74, 0
1, 445148, Note_on_c, 0, 76, 50
1, 445209, Note_on_c, 0, 55, 0
1, 445213, Note_on_c, 0, 59, 0
1, 445294, Note_on_c, 0, 76, 0
1, 445387, Note_on_c, 0, 77, 55
1, 445497, Note_on_c, 0, 77, 0
1, 445608, Note_on_c, 0, 78, 49
1, 445773, Note_on_c, 0, 78, 0
1, 445837, Note_on_c, 0, 79, 61
1, 445855, Note_on_c, 0, 55, 19
1, 446056, Note_on_c, 0, 79, 0
1, 446073, Note_on_c, 0, 67, 20
1, 446087, Note_on_c, 0, 64, 23
1, 446117, Note_on_c, 0, 55, 0
1, 446117, Note_on_c, 0, 81, 48
1, 446148, Note_on_c, 0, 67, 0
1, 446148, Note_on_c, 0, 64, 0
1, 446148, Control_c, 0, 64, 127
1, 446187, Note_on_c, 0, 81, 0
1, 446191, Note_on_c, 0, 79, 74
1, 446243, Note_on_c, 0, 79, 0
1, 446246, Control_c, 0, 64, 0
1, 446259, Note_on_c, 0, 78, 61
1, 446301, Note_on_c, 0, 78, 0
1, 446318, Note_on_c, 0, 67, 34
1, 446326, Note_on_c, 0, 79, 77
1, 446326, Note_on_c, 0, 64, 25
1, 446383, Note_on_c, 0, 67, 0
1, 446397, Note_on_c, 0, 64, 0
1, 446510, Control_c, 0, 64, 127
1, 446546, Note_on_c, 0, 81, 81
1, 446546, Note_on_c, 0, 67, 30
1, 446563, Note_on_c, 0, 64, 27
1, 446569, Note_on_c, 0, 79, 0
1, 446569, Control_c, 0, 64, 0
1, 446616, Note_on_c, 0, 67, 0
1, 446631, Note_on_c, 0, 64, 0
1, 446642, Note_on_c, 0, 83, 106
1, 446647, Note_on_c, 0, 81, 0
1, 446766, Note_on_c, 0, 83, 0
1, 446766, Note_on_c, 0, 84, 95
1, 446772, Note_on_c, 0, 55, 27
1, 446875, Note_on_c, 0, 86, 92
1, 446911, Note_on_c, 0, 84, 0
1, 446936, Note_on_c, 0, 55, 0
1, 446979, Note_on_c, 0, 86, 0
1, 446979, Note_on_c, 0, 67, 36
1, 446987, Note_on_c, 0, 88, 78
1, 447000, Note_on_c, 0, 64, 33
1, 447040, Note_on_c, 0, 67, 0
1, 447051, Note_on_c, 0, 64, 0
1, 447095, Note_on_c, 0, 86, 79
1, 447103, Note_on_c, 0, 88, 0
1, 447190, Note_on_c, 0, 86, 0
1, 447202, Note_on_c, 0, 67, 41
1, 447202, Note_on_c, 0, 84, 74
1, 447218, Note_on_c, 0, 64, 26
1, 447255, Note_on_c, 0, 67, 0
1, 447266, Note_on_c, 0, 64, 0
1, 447305, Note_on_c, 0, 83, 98
1, 447308, Note_on_c, 0, 84, 0
1, 447421, Note_on_c, 0, 81, 72
1, 447424, Note_on_c, 0, 64, 40
1, 447424, Note_on_c, 0, 67, 43
1, 447430, Note_on_c, 0, 83, 0
1, 447472, Note_on_c, 0, 64, 0
1, 447511, Note_on_c, 0, 79, 86
1, 447514, Note_on_c, 0, 67, 0
1, 447514, Note_on_c, 0, 81, 0
1, 447552, Note_on_c, 0, 79, 0
1, 447577, Control_c, 0, 64, 127
1, 447600, Control_c, 0, 64, 0
1, 447639, Note_on_c, 0, 79, 65
1, 447639, Note_on_c, 0, 55, 43
1, 447717, Note_on_c, 0, 79, 0
1, 447739, Note_on_c, 0, 77, 65
1, 447805, Control_c, 0, 64, 127
1, 447828, Control_c, 0, 64, 0
1, 447840, Note_on_c, 0, 77, 0
1, 447879, Note_on_c, 0, 89, 79
1, 447879, Note_on_c, 0, 65, 36
1, 447890, Note_on_c, 0, 62, 27
1, 447907, Note_on_c, 0, 55, 0
1, 447942, Note_on_c, 0, 65, 0
1, 447956, Note_on_c, 0, 62, 0
1, 447992, Note_on_c, 0, 88, 83
1, 448020, Control_c, 0, 64, 127
1, 448024, Note_on_c, 0, 89, 0
1, 448028, Note_on_c, 0, 88, 0
1, 448043, Control_c, 0, 64, 0
1, 448110, Note_on_c, 0, 88, 83
1, 448115, Note_on_c, 0, 65, 41
1, 448140, Note_on_c, 0, 62, 34
1, 448168, Note_on_c, 0, 65, 0
1, 448187, Note_on_c, 0, 62, 0
1, 448212, Control_c, 0, 64, 127
1, 448218, Note_on_c, 0, 86, 83
1, 448235, Note_on_c, 0, 88, 0
1, 448248, Control_c, 0, 64, 0
1, 448254, Note_on_c, 0, 86, 0
1, 448318, Note_on_c, 0, 86, 86
1, 448332, Note_on_c, 0, 65, 45
1, 448332, Note_on_c, 0, 62, 39
1, 448385, Note_on_c, 0, 65, 0
1, 448385, Note_on_c, 0, 62, 0
1, 448391, Control_c, 0, 64, 127
1, 448419, Note_on_c, 0, 84, 95
1, 448444, Note_on_c, 0, 86, 0
1, 448461, Note_on_c, 0, 84, 0
1, 448464, Control_c, 0, 64, 0
1, 448530, Note_on_c, 0, 84, 95
1, 448542, Note_on_c, 0, 55, 47
1, 448631, Control_c, 0, 64, 127
1, 448644, Note_on_c, 0, 83, 107
1, 448673, Note_on_c, 0, 84, 0
1, 448680, Note_on_c, 0, 83, 0
1, 448680, Control_c, 0, 64, 0
1, 448691, Note_on_c, 0, 55, 0
1, 448755, Note_on_c, 0, 83, 108
1, 448762, Note_on_c, 0, 65, 41
1, 448770, Note_on_c, 0, 62, 33
1, 448820, Note_on_c, 0, 65, 0
1, 448823, Control_c, 0, 64, 127
1, 448831, Note_on_c, 0, 62, 0
1, 448862, Note_on_c, 0, 81, 89
1, 448890, Note_on_c, 0, 83, 0
1, 448903, Note_on_c, 0, 81, 0
1, 448918, Control_c, 0, 64, 0
1, 448975, Note_on_c, 0, 81, 87
1, 448987, Note_on_c, 0, 65, 53
1, 448998, Note_on_c, 0, 62, 52
1, 449038, Note_on_c, 0, 65, 0
1, 449048, Note_on_c, 0, 62, 0
1, 449048, Control_c, 0, 64, 127
1, 449081, Note_on_c, 0, 79, 98
1, 449112, Note_on_c, 0, 81, 0
1, 449121, Note_on_c, 0, 79, 0
1, 449194, Note_on_c, 0, 79, 98
1, 449204, Note_on_c, 0, 65, 54
1, 449215, Note_on_c, 0, 62, 49
1, 449246, Note_on_c, 0, 65, 0
1, 449268, Note_on_c, 0, 62, 0
1, 449315, Note_on_c, 0, 77, 98
1, 449347, Note_on_c, 0, 79, 0
1, 449477, Note_on_c, 0, 60, 54
1, 449480, Note_on_c, 0, 64, 61
1, 449480, Control_c, 0, 64, 0
1, 449488, Note_on_c, 0, 77, 0
1, 449488, Note_on_c, 0, 76, 90
1, 449804, Control_c, 0, 64, 127
1, 449864, Note_on_c, 0, 64, 0
1, 449898, Note_on_c, 0, 60, 0
1, 450056, Note_on_c, 0, 84, 79
1, 450085, Note_on_c, 0, 76, 0
1, 450202, Note_on_c, 0, 84, 0
1, 450252, Note_on_c, 0, 84, 87
1, 450262, Note_on_c, 0, 66, 31
1, 450301, Note_on_c, 0, 60, 22
1, 450310, Note_on_c, 0, 57, 14
1, 450441, Control_c, 0, 64, 0
1, 450836, Control_c, 0, 64, 127
1, 451285, Note_on_c, 0, 86, 46
1, 451308, Note_on_c, 0, 84, 0
1, 451471, Control_c, 0, 64, 0
1, 451492, Note_on_c, 0, 88, 41
1, 451492, Note_on_c, 0, 86, 0
1, 451639, Control_c, 0, 64, 127
1, 451645, Note_on_c, 0, 86, 64
1, 451662, Note_on_c, 0, 88, 0
1, 451754, Note_on_c, 0, 60, 0
1, 451765, Note_on_c, 0, 57, 0
1, 451768, Note_on_c, 0, 66, 0
1, 451800, Note_on_c, 0, 84, 82
1, 451800, Note_on_c, 0, 86, 0
1, 452046, Control_c, 0, 64, 0
1, 452274, Control_c, 0, 64, 127
1, 452294, Note_on_c, 0, 78, 61
1, 452380, Note_on_c, 0, 84, 0
1, 452527, Note_on_c, 0, 81, 55
1, 452536, Note_on_c, 0, 60, 31
1, 452550, Control_c, 0, 64, 0
1, 452553, Note_on_c, 0, 55, 23
1, 452644, Note_on_c, 0, 78, 0
1, 453185, Control_c, 0, 64, 127
1, 453715, Note_on_c, 0, 81, 0
1, 453731, Note_on_c, 0, 60, 0
1, 453736, Note_on_c, 0, 79, 28
1, 453767, Note_on_c, 0, 59, 13
1, 453832, Control_c, 0, 64, 0
1, 454408, Control_c, 0, 64, 127
1, 454619, Note_on_c, 0, 59, 0
1, 454636, Note_on_c, 0, 55, 0
1, 454684, Note_on_c, 0, 79, 0
1, 454779, Control_c, 0, 64, 0
1, 455105, Note_on_c, 0, 81, 32
1, 455243, Note_on_c, 0, 79, 53
1, 455249, Note_on_c, 0, 81, 0
1, 455395, Note_on_c, 0, 77, 52
1, 455398, Note_on_c, 0, 79, 0
1, 455525, Note_on_c, 0, 76, 46
1, 455569, Note_on_c, 0, 77, 0
1, 455678, Note_on_c, 0, 76, 0
1, 455678, Note_on_c, 0, 74, 55
1, 455881, Note_on_c, 0, 72, 53
1, 455926, Note_on_c, 0, 74, 0
1, 456580, Note_on_c, 0, 67, 46
1, 456629, Note_on_c, 0, 72, 0
1, 456832, Note_on_c, 0, 76, 59
1, 456859, Note_on_c, 0, 67, 0
1, 457416, Control_c, 0, 64, 127
1, 457523, Note_on_c, 0, 72, 46
1, 457584, Control_c, 0, 64, 0
1, 457604, Note_on_c, 0, 76, 0
1, 457790, Note_on_c, 0, 79, 64
1, 457796, Note_on_c, 0, 60, 40
1, 457796, Note_on_c, 0, 72, 0
1, 458027, Control_c, 0, 64, 127
1, 458033, Note_on_c, 0, 79, 0
1, 458232, Control_c, 0, 64, 0
1, 458244, Note_on_c, 0, 79, 71
1, 458456, Note_on_c, 0, 55, 54
1, 458533, Note_on_c, 0, 60, 0
1, 458706, Note_on_c, 0, 55, 0
1, 458714, Note_on_c, 0, 64, 55
1, 458993, Note_on_c, 0, 79, 0
1, 459010, Control_c, 0, 64, 127
1, 459124, Note_on_c, 0, 79, 75
1, 459250, Note_on_c, 0, 79, 0
1, 459263, Note_on_c, 0, 64, 0
1, 459378, Note_on_c, 0, 60, 43
1, 459447, Note_on_c, 0, 60, 0
1, 459589, Note_on_c, 0, 79, 79
1, 459589, Note_on_c, 0, 81, 75
1, 459597, Control_c, 0, 64, 0
1, 459597, Note_on_c, 0, 72, 50
1, 459600, Note_on_c, 0, 53, 81
1, 459918, Note_on_c, 0, 81, 0
1, 459921, Control_c, 0, 64, 127
1, 459965, Note_on_c, 0, 72, 0
1, 459993, Note_on_c, 0, 79, 0
1, 460094, Note_on_c, 0, 72, 60
1, 460097, Note_on_c, 0, 81, 79
1, 460097, Note_on_c, 0, 77, 54
1, 460100, Control_c, 0, 64, 0
1, 460261, Note_on_c, 0, 53, 0
1, 460303, Note_on_c, 0, 48, 37
1, 460316, Control_c, 0, 64, 127
1, 460339, Control_c, 0, 64, 0
1, 460533, Control_c, 0, 64, 127
1, 460572, Note_on_c, 0, 48, 0
1, 460576, Note_on_c, 0, 57, 41
1, 460724, Control_c, 0, 64, 0
1, 460880, Note_on_c, 0, 72, 0
1, 460880, Note_on_c, 0, 81, 0
1, 460880, Note_on_c, 0, 77, 0
1, 460891, Control_c, 0, 64, 127
1, 461011, Note_on_c, 0, 77, 64
1, 461011, Note_on_c, 0, 81, 69
1, 461019, Note_on_c, 0, 72, 56
1, 461074, Note_on_c, 0, 72, 0
1, 461096, Note_on_c, 0, 57, 0
1, 461132, Note_on_c, 0, 77, 0
1, 461163, Note_on_c, 0, 81, 0
1, 461230, Note_on_c, 0, 53, 72
1, 461281, Note_on_c, 0, 53, 0
1, 461492, Note_on_c, 0, 77, 69
1, 461492, Note_on_c, 0, 79, 84
1, 461492, Note_on_c, 0, 72, 56
1, 461514, Note_on_c, 0, 48, 59
1, 461575, Control_c, 0, 64, 0
1, 461921, Control_c, 0, 64, 127
1, 461938, Note_on_c, 0, 79, 0
1, 461946, Note_on_c, 0, 72, 0
1, 462054, Control_c, 0, 64, 0
1, 462063, Note_on_c, 0, 79, 81
1, 462063, Note_on_c, 0, 76, 42
1, 462072, Note_on_c, 0, 72, 37
1, 462089, Note_on_c, 0, 77, 0
1, 462259, Note_on_c, 0, 43, 57
1, 462269, Note_on_c, 0, 48, 0
1, 462532, Note_on_c, 0, 52, 60
1, 462536, Note_on_c, 0, 43, 0
1, 462809, Control_c, 0, 64, 127
1, 462821, Note_on_c, 0, 76, 0
1, 462830, Note_on_c, 0, 72, 0
1, 462844, Note_on_c, 0, 79, 0
1, 462974, Note_on_c, 0, 79, 88
1, 462990, Note_on_c, 0, 72, 41
1, 462990, Note_on_c, 0, 76, 31
1, 463093, Note_on_c, 0, 52, 0
1, 463161, Note_on_c, 0, 76, 0
1, 463180, Note_on_c, 0, 72, 0
1, 463200, Note_on_c, 0, 48, 44
1, 463234, Note_on_c, 0, 79, 0
1, 463263, Note_on_c, 0, 48, 0
1, 463476, Note_on_c, 0, 79, 94
1, 463495, Note_on_c, 0, 65, 30
1, 463495, Note_on_c, 0, 57, 36
1, 463500, Note_on_c, 0, 60, 34
1, 463504, Control_c, 0, 64, 0
1, 463782, Note_on_c, 0, 77, 69
1, 463796, Note_on_c, 0, 79, 0
1, 463899, Control_c, 0, 64, 127
1, 463952, Note_on_c, 0, 77, 0
1, 464069, Note_on_c, 0, 77, 47
1, 464199, Control_c, 0, 64, 0
1, 464294, Note_on_c, 0, 65, 0
1, 464347, Note_on_c, 0, 57, 0
1, 464353, Note_on_c, 0, 60, 0
1, 464365, Control_c, 0, 64, 127
1, 464523, Control_c, 0, 64, 0
1, 464579, Note_on_c, 0, 67, 29
1, 464589, Note_on_c, 0, 62, 24
1, 464618, Note_on_c, 0, 59, 22
1, 464640, Note_on_c, 0, 77, 0
1, 464690, Control_c, 0, 64, 127
1, 464904, Note_on_c, 0, 88, 79
1, 465032, Note_on_c, 0, 86, 85
1, 465049, Note_on_c, 0, 88, 0
1, 465067, Note_on_c, 0, 86, 0
1, 465149, Note_on_c, 0, 84, 96
1, 465248, Note_on_c, 0, 83, 99
1, 465266, Note_on_c, 0, 84, 0
1, 465272, Note_on_c, 0, 67, 0
1, 465280, Note_on_c, 0, 83, 0
1, 465280, Note_on_c, 0, 62, 0
1, 465280, Note_on_c, 0, 59, 0
1, 465350, Note_on_c, 0, 81, 87
1, 465448, Note_on_c, 0, 79, 91
1, 465473, Note_on_c, 0, 81, 0
1, 465531, Note_on_c, 0, 79, 0
1, 465589, Note_on_c, 0, 77, 69
1, 465601, Control_c, 0, 64, 0
1, 465601, Note_on_c, 0, 67, 25
1, 465601, Note_on_c, 0, 64, 24
1, 465643, Note_on_c, 0, 60, 17
1, 465936, Note_on_c, 0, 75, 54
1, 465957, Note_on_c, 0, 77, 0
1, 466058, Note_on_c, 0, 75, 0
1, 466071, Note_on_c, 0, 76, 51
1, 466192, Note_on_c, 0, 67, 0
1, 466192, Note_on_c, 0, 64, 0
1, 466214, Note_on_c, 0, 60, 0
1, 466272, Control_c, 0, 64, 127
1, 466582, Note_on_c, 0, 60, 33
1, 466582, Control_c, 0, 64, 0
1, 466602, Note_on_c, 0, 52, 33
1, 466605, Note_on_c, 0, 55, 11
1, 466620, Note_on_c, 0, 76, 0
1, 466877, Note_on_c, 0, 81, 51
1, 466986, Note_on_c, 0, 79, 70
1, 466999, Note_on_c, 0, 81, 0
1, 467100, Note_on_c, 0, 55, 0
1, 467100, Note_on_c, 0, 77, 64
1, 467106, Note_on_c, 0, 79, 0
1, 467106, Note_on_c, 0, 60, 0
1, 467120, Note_on_c, 0, 52, 0
1, 467197, Note_on_c, 0, 77, 0
1, 467206, Note_on_c, 0, 76, 57
1, 467315, Note_on_c, 0, 74, 71
1, 467342, Note_on_c, 0, 76, 0
1, 467426, Note_on_c, 0, 72, 61
1, 467440, Note_on_c, 0, 74, 0
1, 467594, Note_on_c, 0, 62, 31
1, 467594, Note_on_c, 0, 71, 67
1, 467598, Note_on_c, 0, 53, 47
1, 467657, Note_on_c, 0, 72, 0
1, 468019, Note_on_c, 0, 69, 43
1, 468025, Note_on_c, 0, 71, 0
1, 468184, Note_on_c, 0, 69, 0
1, 468219, Note_on_c, 0, 79, 59
1, 468343, Note_on_c, 0, 79, 0
1, 468348, Note_on_c, 0, 77, 46
1, 468442, Control_c, 0, 64, 127
1, 468457, Note_on_c, 0, 77, 0
1, 468464, Note_on_c, 0, 76, 45
1, 468543, Note_on_c, 0, 53, 0
1, 468587, Note_on_c, 0, 76, 0
1, 468587, Note_on_c, 0, 74, 53
1, 468666, Note_on_c, 0, 74, 0
1, 468752, Note_on_c, 0, 72, 40
1, 468752, Control_c, 0, 64, 0
1, 468780, Note_on_c, 0, 62, 0
1, 468780, Note_on_c, 0, 55, 19
1, 468780, Note_on_c, 0, 64, 25
1, 469077, Note_on_c, 0, 72, 0
1, 469258, Note_on_c, 0, 64, 0
1, 469284, Note_on_c, 0, 71, 39
1, 469312, Note_on_c, 0, 62, 19
1, 469496, Control_c, 0, 64, 127
1, 469512, Note_on_c, 0, 71, 0
1, 469556, Control_c, 0, 64, 0
1, 469846, Note_on_c, 0, 62, 0
1, 469888, Note_on_c, 0, 74, 43
1, 469902, Note_on_c, 0, 71, 31
1, 469911, Note_on_c, 0, 67, 8
1, 469911, Note_on_c, 0, 65, 22
1, 469914, Note_on_c, 0, 60, 20
1, 469972, Note_on_c, 0, 55, 0
1, 470428, Note_on_c, 0, 60, 0
1, 470537, Note_on_c, 0, 55, 15
1, 470827, Control_c, 0, 64, 127
1, 470886, Note_on_c, 0, 55, 0
1, 470897, Note_on_c, 0, 65, 0
1, 470900, Note_on_c, 0, 71, 0
1, 471293, Control_c, 0, 64, 0
1, 471311, Note_on_c, 0, 72, 9
1, 471329, Note_on_c, 0, 48, 11
1, 471334, Note_on_c, 0, 64, 6
1, 471378, Note_on_c, 0, 74, 0
1, 471569, Note_on_c, 0, 67, 0
1, 471688, Control_c, 0, 64, 127
1, 471694, Note_on_c, 0, 48, 0
1, 471800, Note_on_c, 0, 64, 0
1, 471964, Note_on_c, 0, 72, 0
1, 472264, Control_c, 0, 64, 0
1, 473048, Note_on_c, 0, 36, 81
1, 473052, Note_on_c, 0, 72, 67
1, 473052, Note_on_c, 0, 67, 66
1, 473052, Note_on_c, 0, 64, 59
1, 473090, Note_on_c, 0, 36, 0
1, 473112, Note_on_c, 0, 48, 69
1, 473143, Control_c, 0, 64, 127
1, 473165, Note_on_c, 0, 48, 0
1, 473207, Note_on_c, 0, 47, 67
1, 473252, Control_c, 0, 64, 0
1, 473268, Note_on_c, 0, 47, 0
1, 473297, Note_on_c, 0, 48, 66
1, 473300, Note_on_c, 0, 72, 0
1, 473322, Note_on_c, 0, 67, 0
1, 473338, Note_on_c, 0, 64, 0
1, 473338, Note_on_c, 0, 48, 0
1, 473361, Note_on_c, 0, 50, 84
1, 473414, Note_on_c, 0, 50, 0
1, 473458, Note_on_c, 0, 48, 70
1, 473503, Note_on_c, 0, 48, 0
1, 473527, Note_on_c, 0, 47, 67
1, 473588, Note_on_c, 0, 47, 0
1, 473619, Note_on_c, 0, 48, 70
1, 473664, Note_on_c, 0, 48, 0
1, 473694, Note_on_c, 0, 50, 81
1, 473694, Note_on_c, 0, 72, 75
1, 473731, Note_on_c, 0, 72, 0
1, 473737, Note_on_c, 0, 74, 81
1, 473745, Note_on_c, 0, 50, 0
1, 473775, Note_on_c, 0, 74, 0
1, 473782, Note_on_c, 0, 72, 62
1, 473807, Note_on_c, 0, 48, 70
1, 473846, Note_on_c, 0, 72, 0
1, 473851, Note_on_c, 0, 74, 69
1, 473851, Note_on_c, 0, 48, 0
1, 473876, Note_on_c, 0, 47, 67
1, 473893, Note_on_c, 0, 72, 81
1, 473931, Note_on_c, 0, 74, 0
1, 473937, Note_on_c, 0, 47, 0
1, 473957, Note_on_c, 0, 71, 78
1, 473967, Note_on_c, 0, 48, 70
1, 473987, Note_on_c, 0, 72, 0
1, 473995, Note_on_c, 0, 71, 0
1, 474013, Note_on_c, 0, 48, 0
1, 474020, Note_on_c, 0, 72, 79
1, 474037, Note_on_c, 0, 40, 79
1, 474082, Note_on_c, 0, 79, 103
1, 474116, Note_on_c, 0, 72, 0
1, 474141, Note_on_c, 0, 48, 74
1, 474152, Note_on_c, 0, 40, 0
1, 474227, Note_on_c, 0, 48, 0
1, 474235, Note_on_c, 0, 47, 72
1, 474293, Note_on_c, 0, 47, 0
1, 474302, Note_on_c, 0, 48, 60
1, 474389, Note_on_c, 0, 48, 0
1, 474389, Note_on_c, 0, 50, 88
1, 474420, Note_on_c, 0, 79, 0
1, 474466, Note_on_c, 0, 50, 0
1, 474475, Note_on_c, 0, 48, 68
1, 474562, Note_on_c, 0, 48, 0
1, 474578, Note_on_c, 0, 47, 66
1, 474620, Note_on_c, 0, 47, 0
1, 474645, Note_on_c, 0, 48, 57
1, 474725, Note_on_c, 0, 48, 0
1, 474740, Note_on_c, 0, 50, 79
1, 474745, Note_on_c, 0, 74, 81
1, 474787, Note_on_c, 0, 50, 0
1, 474807, Note_on_c, 0, 72, 53
1, 474814, Note_on_c, 0, 48, 69
1, 474896, Note_on_c, 0, 71, 75
1, 474899, Note_on_c, 0, 72, 0
1, 474906, Note_on_c, 0, 48, 0
1, 474917, Note_on_c, 0, 74, 0
1, 474917, Note_on_c, 0, 47, 73
1, 474948, Note_on_c, 0, 71, 0
1, 474954, Note_on_c, 0, 47, 0
1, 474974, Note_on_c, 0, 72, 65
1, 474982, Note_on_c, 0, 48, 22
1, 475055, Note_on_c, 0, 48, 0
1, 475069, Note_on_c, 0, 81, 96
1, 475073, Note_on_c, 0, 41, 89
1, 475076, Note_on_c, 0, 79, 94
1, 475172, Note_on_c, 0, 48, 84
1, 475180, Note_on_c, 0, 41, 0
1, 475243, Note_on_c, 0, 48, 0
1, 475258, Note_on_c, 0, 47, 85
1, 475280, Note_on_c, 0, 81, 0
1, 475293, Note_on_c, 0, 72, 0
1, 475349, Note_on_c, 0, 47, 0
1, 475353, Note_on_c, 0, 48, 74
1, 475425, Note_on_c, 0, 48, 0
1, 475425, Note_on_c, 0, 81, 84
1, 475429, Note_on_c, 0, 77, 74
1, 475429, Note_on_c, 0, 72, 66
1, 475433, Note_on_c, 0, 79, 0
1, 475433, Note_on_c, 0, 50, 75
1, 475514, Note_on_c, 0, 48, 55
1, 475522, Note_on_c, 0, 50, 0
1, 475595, Note_on_c, 0, 72, 0
1, 475595, Note_on_c, 0, 81, 0
1, 475599, Note_on_c, 0, 77, 0
1, 475605, Note_on_c, 0, 47, 67
1, 475608, Note_on_c, 0, 48, 0
1, 475668, Note_on_c, 0, 47, 0
1, 475681, Note_on_c, 0, 48, 46
1, 475762, Note_on_c, 0, 77, 67
1, 475762, Note_on_c, 0, 48, 0
1, 475762, Note_on_c, 0, 81, 61
1, 475762, Note_on_c, 0, 72, 64
1, 475773, Note_on_c, 0, 50, 66
1, 475818, Note_on_c, 0, 72, 0
1, 475832, Note_on_c, 0, 50, 0
1, 475854, Note_on_c, 0, 48, 42
1, 475913, Note_on_c, 0, 48, 0
1, 475920, Note_on_c, 0, 77, 0
1, 475943, Note_on_c, 0, 47, 48
1, 475990, Note_on_c, 0, 47, 0
1, 475998, Note_on_c, 0, 48, 41
1, 476057, Note_on_c, 0, 48, 0
1, 476071, Note_on_c, 0, 81, 0
1, 476101, Note_on_c, 0, 79, 68
1, 476101, Note_on_c, 0, 76, 49
1, 476112, Note_on_c, 0, 36, 74
1, 476112, Note_on_c, 0, 72, 39
1, 476161, Note_on_c, 0, 36, 0
1, 476193, Note_on_c, 0, 48, 60
1, 476244, Note_on_c, 0, 48, 0
1, 476283, Note_on_c, 0, 47, 61
1, 476330, Note_on_c, 0, 47, 0
1, 476363, Note_on_c, 0, 48, 65
1, 476406, Note_on_c, 0, 76, 0
1, 476406, Note_on_c, 0, 48, 0
1, 476436, Note_on_c, 0, 50, 77
1, 476481, Note_on_c, 0, 50, 0
1, 476514, Note_on_c, 0, 48, 79
1, 476519, Note_on_c, 0, 79, 0
1, 476533, Note_on_c, 0, 72, 0
1, 476555, Note_on_c, 0, 48, 0
1, 476603, Note_on_c, 0, 47, 74
1, 476651, Note_on_c, 0, 47, 0
1, 476675, Note_on_c, 0, 48, 75
1, 476725, Note_on_c, 0, 48, 0
1, 476770, Note_on_c, 0, 79, 86
1, 476776, Note_on_c, 0, 37, 88
1, 476803, Note_on_c, 0, 79, 0
1, 476810, Note_on_c, 0, 81, 87
1, 476843, Note_on_c, 0, 81, 0
1, 476854, Note_on_c, 0, 37, 0
1, 476857, Note_on_c, 0, 49, 80
1, 476857, Note_on_c, 0, 79, 72
1, 476926, Note_on_c, 0, 79, 0
1, 476926, Note_on_c, 0, 49, 0
1, 476935, Note_on_c, 0, 81, 72
1, 476962, Note_on_c, 0, 47, 59
1, 476976, Note_on_c, 0, 79, 91
1, 476976, Note_on_c, 0, 81, 0
1, 477016, Note_on_c, 0, 79, 0
1, 477016, Note_on_c, 0, 47, 0
1, 477029, Note_on_c, 0, 78, 77
1, 477029, Note_on_c, 0, 49, 72
1, 477077, Note_on_c, 0, 78, 0
1, 477088, Note_on_c, 0, 79, 87
1, 477140, Note_on_c, 0, 49, 0
1, 477152, Note_on_c, 0, 38, 92
1, 477158, Note_on_c, 0, 78, 87
1, 477188, Note_on_c, 0, 79, 0
1, 477246, Note_on_c, 0, 50, 85
1, 477249, Note_on_c, 0, 38, 0
1, 477325, Note_on_c, 0, 50, 0
1, 477335, Note_on_c, 0, 49, 68
1, 477403, Note_on_c, 0, 50, 69
1, 477409, Note_on_c, 0, 49, 0
1, 477484, Note_on_c, 0, 50, 0
1, 477494, Note_on_c, 0, 52, 97
1, 477540, Note_on_c, 0, 78, 0
1, 477545, Note_on_c, 0, 52, 0
1, 477562, Note_on_c, 0, 50, 85
1, 477639, Note_on_c, 0, 50, 0
1, 477661, Note_on_c, 0, 49, 64
1, 477717, Note_on_c, 0, 50, 69
1, 477726, Note_on_c, 0, 49, 0
1, 477756, Note_on_c, 0, 50, 0
1, 477824, Note_on_c, 0, 77, 66
1, 477837, Note_on_c, 0, 35, 95
1, 477848, Note_on_c, 0, 79, 95
1, 477857, Note_on_c, 0, 77, 0
1, 477887, Note_on_c, 0, 79, 0
1, 477887, Note_on_c, 0, 35, 0
1, 477909, Note_on_c, 0, 77, 70
1, 477913, Note_on_c, 0, 47, 73
1, 477960, Note_on_c, 0, 77, 0
1, 477960, Note_on_c, 0, 47, 0
1, 477974, Note_on_c, 0, 79, 79
1, 478002, Note_on_c, 0, 45, 65
1, 478018, Note_on_c, 0, 77, 74
1, 478040, Note_on_c, 0, 79, 0
1, 478077, Note_on_c, 0, 77, 0
1, 478083, Note_on_c, 0, 45, 0
1, 478083, Note_on_c, 0, 76, 66
1, 478083, Note_on_c, 0, 47, 68
1, 478121, Note_on_c, 0, 76, 0
1, 478132, Note_on_c, 0, 77, 88
1, 478182, Note_on_c, 0, 47, 0
1, 478202, Note_on_c, 0, 76, 48
1, 478202, Note_on_c, 0, 36, 90
1, 478225, Note_on_c, 0, 77, 0
1, 478281, Note_on_c, 0, 48, 83
1, 478284, Note_on_c, 0, 36, 0
1, 478308, Control_c, 0, 64, 127
1, 478342, Note_on_c, 0, 48, 0
1, 478381, Note_on_c, 0, 47, 75
1, 478392, Control_c, 0, 64, 0
1, 478450, Note_on_c, 0, 47, 0
1, 478454, Note_on_c, 0, 48, 79
1, 478533, Note_on_c, 0, 48, 0
1, 478533, Note_on_c, 0, 50, 87
1, 478601, Note_on_c, 0, 50, 0
1, 478612, Note_on_c, 0, 76, 0
1, 478612, Note_on_c, 0, 48, 75
1, 478675, Note_on_c, 0, 48, 0
1, 478692, Note_on_c, 0, 47, 83
1, 478767, Note_on_c, 0, 48, 76
1, 478778, Note_on_c, 0, 47, 0
1, 478803, Note_on_c, 0, 48, 0
1, 478843, Note_on_c, 0, 72, 69
1, 478860, Note_on_c, 0, 33, 99
1, 478873, Note_on_c, 0, 74, 91
1, 478877, Note_on_c, 0, 72, 0
1, 478909, Note_on_c, 0, 74, 0
1, 478909, Note_on_c, 0, 33, 0
1, 478926, Note_on_c, 0, 45, 87
1, 478926, Note_on_c, 0, 72, 66
1, 478973, Note_on_c, 0, 72, 0
1, 478983, Note_on_c, 0, 74, 71
1, 478988, Note_on_c, 0, 45, 0
1, 479022, Note_on_c, 0, 44, 68
1, 479026, Note_on_c, 0, 72, 73
1, 479058, Note_on_c, 0, 45, 35
1, 479066, Note_on_c, 0, 74, 0
1, 479079, Note_on_c, 0, 71, 90
1, 479086, Note_on_c, 0, 44, 0
1, 479086, Note_on_c, 0, 72, 0
1, 479138, Note_on_c, 0, 72, 87
1, 479152, Note_on_c, 0, 71, 0
1, 479152, Note_on_c, 0, 45, 0
1, 479203, Note_on_c, 0, 29, 109
1, 479206, Note_on_c, 0, 74, 101
1, 479233, Note_on_c, 0, 72, 0
1, 479277, Note_on_c, 0, 29, 0
1, 479286, Note_on_c, 0, 41, 99
1, 479372, Note_on_c, 0, 41, 0
1, 479378, Note_on_c, 0, 40, 105
1, 479453, Note_on_c, 0, 41, 90
1, 479458, Note_on_c, 0, 40, 0
1, 479528, Note_on_c, 0, 41, 0
1, 479547, Note_on_c, 0, 43, 90
1, 479558, Note_on_c, 0, 77, 99
1, 479567, Note_on_c, 0, 74, 0
1, 479620, Note_on_c, 0, 43, 0
1, 479636, Note_on_c, 0, 41, 96
1, 479662, Control_c, 0, 64, 127
1, 479676, Note_on_c, 0, 77, 0
1, 479706, Note_on_c, 0, 41, 0
1, 479714, Note_on_c, 0, 40, 102
1, 479788, Note_on_c, 0, 41, 89
1, 479795, Control_c, 0, 64, 0
1, 479799, Note_on_c, 0, 40, 0
1, 479870, Note_on_c, 0, 41, 0
1, 479876, Note_on_c, 0, 71, 97
1, 479876, Note_on_c, 0, 62, 84
1, 479884, Note_on_c, 0, 65, 74
1, 479888, Note_on_c, 0, 31, 82
1, 479928, Note_on_c, 0, 31, 0
1, 479962, Note_on_c, 0, 43, 92
1, 480008, Note_on_c, 0, 43, 0
1, 480036, Note_on_c, 0, 42, 77
1, 480071, Note_on_c, 0, 62, 0
1, 480080, Note_on_c, 0, 71, 0
1, 480116, Note_on_c, 0, 43, 95
1, 480133, Note_on_c, 0, 42, 0
1, 480172, Note_on_c, 0, 43, 0
1, 480178, Note_on_c, 0, 65, 0
1, 480221, Note_on_c, 0, 72, 73
1, 480221, Note_on_c, 0, 36, 91
1, 480221, Note_on_c, 0, 64, 72
1, 480295, Note_on_c, 0, 38, 89
1, 480325, Note_on_c, 0, 36, 0
1, 480394, Note_on_c, 0, 40, 91
1, 480409, Note_on_c, 0, 38, 0
1, 480473, Note_on_c, 0, 41, 83
1, 480480, Note_on_c, 0, 40, 0
1, 480537, Note_on_c, 0, 41, 0
1, 480554, Note_on_c, 0, 43, 78
1, 480611, Note_on_c, 0, 43, 0
1, 480639, Note_on_c, 0, 45, 73
1, 480689, Note_on_c, 0, 45, 0
1, 480701, Note_on_c, 0, 47, 80
1, 480718, Note_on_c, 0, 64, 0
1, 480748, Note_on_c, 0, 47, 0
1, 480784, Note_on_c, 0, 48, 71
1, 480820, Note_on_c, 0, 72, 0
1, 480868, Note_on_c, 0, 48, 0
1, 480877, Note_on_c, 0, 36, 93
1, 480982, Note_on_c, 0, 36, 0
1, 481219, Note_on_c, 0, 72, 89
1, 481219, Note_on_c, 0, 67, 83
1, 481222, Note_on_c, 0, 64, 86
1, 481225, Note_on_c, 0, 36, 103
1, 481295, Note_on_c, 0, 48, 86
1, 481299, Note_on_c, 0, 36, 0
1, 481380, Note_on_c, 0, 48, 0
1, 481384, Note_on_c, 0, 47, 83
1, 481467, Note_on_c, 0, 47, 0
1, 481467, Note_on_c, 0, 48, 67
1, 481539, Note_on_c, 0, 48, 0
1, 481559, Note_on_c, 0, 50, 83
1, 481607, Note_on_c, 0, 67, 0
1, 481645, Note_on_c, 0, 50, 0
1, 481645, Note_on_c, 0, 64, 0
1, 481645, Note_on_c, 0, 48, 79
1, 481712, Note_on_c, 0, 72, 0
1, 481720, Note_on_c, 0, 48, 0
1, 481729, Note_on_c, 0, 47, 82
1, 481816, Note_on_c, 0, 48, 76
1, 481816, Note_on_c, 0, 47, 0
1, 481910, Note_on_c, 0, 50, 86
1, 481915, Note_on_c, 0, 48, 0
1, 481932, Note_on_c, 0, 72, 82
1, 481965, Note_on_c, 0, 72, 0
1, 481965, Note_on_c, 0, 74, 89
1, 481994, Note_on_c, 0, 48, 59
1, 482005, Note_on_c, 0, 74, 0
1, 482008, Note_on_c, 0, 50, 0
1, 482018, Note_on_c, 0, 72, 62
1, 482068, Note_on_c, 0, 72, 0
1, 482077, Note_on_c, 0, 48, 0
1, 482080, Note_on_c, 0, 47, 72
1, 482085, Note_on_c, 0, 74, 78
1, 482122, Note_on_c, 0, 72, 83
1, 482167, Note_on_c, 0, 47, 0
1, 482170, Note_on_c, 0, 74, 0
1, 482180, Note_on_c, 0, 48, 67
1, 482183, Note_on_c, 0, 71, 89
1, 482197, Note_on_c, 0, 72, 0
1, 482239, Note_on_c, 0, 72, 95
1, 482270, Note_on_c, 0, 71, 0
1, 482280, Note_on_c, 0, 48, 0
1, 482303, Note_on_c, 0, 40, 95
1, 482316, Note_on_c, 0, 79, 100
1, 482334, Note_on_c, 0, 72, 0
1, 482392, Note_on_c, 0, 48, 83
1, 482403, Note_on_c, 0, 40, 0
1, 482456, Note_on_c, 0, 48, 0
1, 482481, Note_on_c, 0, 47, 80
1, 482568, Note_on_c, 0, 48, 83
1, 482571, Note_on_c, 0, 47, 0
1, 482646, Note_on_c, 0, 50, 80
1, 482653, Note_on_c, 0, 48, 0
1, 482679, Note_on_c, 0, 79, 0
1, 482732, Note_on_c, 0, 48, 65
1, 482752, Note_on_c, 0, 50, 0
1, 482816, Note_on_c, 0, 47, 82
1, 482832, Note_on_c, 0, 48, 0
1, 482901, Note_on_c, 0, 48, 55
1, 482905, Note_on_c, 0, 47, 0
1, 482961, Note_on_c, 0, 72, 74
1, 482985, Note_on_c, 0, 50, 80
1, 482996, Note_on_c, 0, 48, 0
1, 482996, Note_on_c, 0, 72, 0
1, 483005, Note_on_c, 0, 74, 85
1, 483035, Note_on_c, 0, 74, 0
1, 483046, Note_on_c, 0, 72, 66
1, 483060, Note_on_c, 0, 48, 57
1, 483082, Note_on_c, 0, 50, 0
1, 483111, Note_on_c, 0, 72, 0
1, 483111, Note_on_c, 0, 74, 66
1, 483161, Note_on_c, 0, 48, 0
1, 483161, Note_on_c, 0, 72, 79
1, 483164, Note_on_c, 0, 47, 74
1, 483186, Note_on_c, 0, 74, 0
1, 483213, Note_on_c, 0, 71, 92
1, 483238, Note_on_c, 0, 72, 0
1, 483238, Note_on_c, 0, 47, 0
1, 483252, Note_on_c, 0, 71, 0
1, 483264, Note_on_c, 0, 48, 71
1, 483284, Note_on_c, 0, 72, 83
1, 483314, Note_on_c, 0, 72, 0
1, 483341, Note_on_c, 0, 48, 0
1, 483370, Note_on_c, 0, 72, 73
1, 483370, Note_on_c, 0, 81, 102
1, 483373, Note_on_c, 0, 41, 86
1, 483373, Note_on_c, 0, 79, 97
1, 483475, Note_on_c, 0, 48, 77
1, 483490, Note_on_c, 0, 41, 0
1, 483534, Control_c, 0, 64, 127
1, 483561, Note_on_c, 0, 47, 75
1, 483568, Note_on_c, 0, 48, 0
1, 483593, Note_on_c, 0, 72, 0
1, 483593, Note_on_c, 0, 81, 0
1, 483631, Note_on_c, 0, 48, 60
1, 483646, Note_on_c, 0, 47, 0
1, 483654, Control_c, 0, 64, 0
1, 483724, Note_on_c, 0, 81, 85
1, 483727, Note_on_c, 0, 48, 0
1, 483727, Note_on_c, 0, 72, 71
1, 483727, Note_on_c, 0, 77, 80
1, 483735, Note_on_c, 0, 50, 81
1, 483751, Note_on_c, 0, 79, 0
1, 483816, Note_on_c, 0, 48, 56
1, 483819, Note_on_c, 0, 50, 0
1, 483893, Control_c, 0, 64, 127
1, 483908, Note_on_c, 0, 47, 72
1, 483913, Note_on_c, 0, 48, 0
1, 483926, Note_on_c, 0, 72, 0
1, 483954, Note_on_c, 0, 81, 0
1, 483954, Note_on_c, 0, 77, 0
1, 483983, Note_on_c, 0, 48, 60
1, 483988, Note_on_c, 0, 47, 0
1, 483988, Control_c, 0, 64, 0
1, 484075, Note_on_c, 0, 48, 0
1, 484075, Note_on_c, 0, 77, 79
1, 484075, Note_on_c, 0, 81, 90
1, 484080, Note_on_c, 0, 72, 81
1, 484080, Note_on_c, 0, 50, 83
1, 484161, Note_on_c, 0, 50, 0
1, 484169, Note_on_c, 0, 48, 67
1, 484236, Note_on_c, 0, 48, 0
1, 484253, Control_c, 0, 64, 127
1, 484253, Note_on_c, 0, 47, 80
1, 484259, Note_on_c, 0, 72, 0
1, 484287, Note_on_c, 0, 77, 0
1, 484297, Note_on_c, 0, 47, 0
1, 484325, Control_c, 0, 64, 0
1, 484325, Note_on_c, 0, 48, 74
1, 484362, Note_on_c, 0, 81, 0
1, 484417, Note_on_c, 0, 72, 81
1, 484417, Note_on_c, 0, 76, 73
1, 484417, Note_on_c, 0, 79, 93
1, 484417, Note_on_c, 0, 48, 0
1, 484433, Note_on_c, 0, 36, 93
1, 484511, Note_on_c, 0, 36, 0
1, 484514, Note_on_c, 0, 48, 78
1, 484553, Control_c, 0, 64, 127
1, 484553, Note_on_c, 0, 48, 0
1, 484590, Note_on_c, 0, 47, 77
1, 484607, Note_on_c, 0, 76, 0
1, 484624, Control_c, 0, 64, 0
1, 484671, Note_on_c, 0, 47, 0
1, 484676, Note_on_c, 0, 48, 82
1, 484762, Note_on_c, 0, 48, 0
1, 484770, Note_on_c, 0, 50, 89
1, 484865, Note_on_c, 0, 72, 0
1, 484865, Note_on_c, 0, 48, 72
1, 484865, Note_on_c, 0, 50, 0
1, 484894, Note_on_c, 0, 79, 0
1, 484936, Note_on_c, 0, 48, 0
1, 484947, Note_on_c, 0, 47, 79
1, 485000, Note_on_c, 0, 47, 0
1, 485018, Note_on_c, 0, 48, 62
1, 485108, Note_on_c, 0, 48, 0
1, 485122, Note_on_c, 0, 79, 81
1, 485136, Note_on_c, 0, 37, 89
1, 485160, Note_on_c, 0, 79, 0
1, 485169, Note_on_c, 0, 81, 79
1, 485213, Note_on_c, 0, 37, 0
1, 485213, Note_on_c, 0, 81, 0
1, 485213, Note_on_c, 0, 79, 62
1, 485223, Note_on_c, 0, 49, 83
1, 485280, Note_on_c, 0, 79, 0
1, 485284, Note_on_c, 0, 81, 70
1, 485311, Note_on_c, 0, 49, 0
1, 485320, Note_on_c, 0, 47, 73
1, 485330, Note_on_c, 0, 79, 78
1, 485364, Note_on_c, 0, 81, 0
1, 485378, Note_on_c, 0, 79, 0
1, 485378, Note_on_c, 0, 78, 91
1, 485412, Note_on_c, 0, 47, 0
1, 485412, Note_on_c, 0, 49, 77
1, 485451, Note_on_c, 0, 79, 79
1, 485459, Note_on_c, 0, 78, 0
1, 485521, Note_on_c, 0, 49, 0
1, 485531, Note_on_c, 0, 78, 94
1, 485531, Note_on_c, 0, 38, 93
1, 485565, Note_on_c, 0, 79, 0
1, 485610, Note_on_c, 0, 38, 0
1, 485621, Note_on_c, 0, 50, 89
1, 485699, Note_on_c, 0, 50, 0
1, 485713, Note_on_c, 0, 49, 73
1, 485793, Note_on_c, 0, 50, 69
1, 485804, Note_on_c, 0, 49, 0
1, 485880, Note_on_c, 0, 52, 73
1, 485894, Note_on_c, 0, 50, 0
1, 485916, Note_on_c, 0, 78, 0
1, 485958, Note_on_c, 0, 50, 69
1, 485971, Note_on_c, 0, 52, 0
1, 486035, Note_on_c, 0, 49, 65
1, 486049, Note_on_c, 0, 50, 0
1, 486108, Note_on_c, 0, 50, 74
1, 486133, Note_on_c, 0, 49, 0
1, 486150, Note_on_c, 0, 50, 0
1, 486183, Control_c, 0, 64, 127
1, 486188, Note_on_c, 0, 77, 79
1, 486219, Note_on_c, 0, 35, 100
1, 486219, Note_on_c, 0, 77, 0
1, 486228, Note_on_c, 0, 79, 90
1, 486242, Control_c, 0, 64, 0
1, 486262, Note_on_c, 0, 35, 0
1, 486275, Note_on_c, 0, 79, 0
1, 486275, Note_on_c, 0, 77, 72
1, 486283, Note_on_c, 0, 47, 76
1, 486345, Note_on_c, 0, 79, 84
1, 486351, Note_on_c, 0, 77, 0
1, 486365, Note_on_c, 0, 47, 0
1, 486403, Note_on_c, 0, 77, 85
1, 486415, Note_on_c, 0, 45, 28
1, 486437, Note_on_c, 0, 79, 0
1, 486465, Note_on_c, 0, 76, 74
1, 486482, Note_on_c, 0, 77, 0
1, 486482, Note_on_c, 0, 47, 79
1, 486507, Note_on_c, 0, 45, 0
1, 486507, Note_on_c, 0, 76, 0
1, 486526, Note_on_c, 0, 77, 86
1, 486592, Note_on_c, 0, 47, 0
1, 486601, Note_on_c, 0, 76, 88
1, 486601, Note_on_c, 0, 36, 90
1, 486618, Note_on_c, 0, 77, 0
1, 486682, Note_on_c, 0, 36, 0
1, 486690, Note_on_c, 0, 48, 84
1, 486777, Note_on_c, 0, 48, 0
1, 486788, Note_on_c, 0, 47, 73
1, 486860, Note_on_c, 0, 48, 59
1, 486882, Note_on_c, 0, 47, 0
1, 486947, Note_on_c, 0, 47, 71
1, 486952, Note_on_c, 0, 48, 0
1, 486969, Note_on_c, 0, 76, 0
1, 487025, Note_on_c, 0, 48, 59
1, 487041, Note_on_c, 0, 47, 0
1, 487097, Note_on_c, 0, 47, 73
1, 487117, Note_on_c, 0, 48, 0
1, 487170, Note_on_c, 0, 48, 74
1, 487184, Note_on_c, 0, 47, 0
1, 487212, Note_on_c, 0, 48, 0
1, 487244, Note_on_c, 0, 72, 86
1, 487272, Note_on_c, 0, 33, 98
1, 487283, Note_on_c, 0, 72, 0
1, 487292, Note_on_c, 0, 74, 85
1, 487319, Note_on_c, 0, 33, 0
1, 487328, Note_on_c, 0, 74, 0
1, 487340, Note_on_c, 0, 72, 68
1, 487340, Note_on_c, 0, 45, 83
1, 487401, Note_on_c, 0, 72, 0
1, 487406, Note_on_c, 0, 74, 67
1, 487428, Note_on_c, 0, 45, 0
1, 487436, Note_on_c, 0, 44, 67
1, 487448, Note_on_c, 0, 72, 82
1, 487465, Note_on_c, 0, 74, 0
1, 487501, Note_on_c, 0, 72, 0
1, 487504, Note_on_c, 0, 71, 84
1, 487507, Note_on_c, 0, 45, 61
1, 487523, Note_on_c, 0, 44, 0
1, 487567, Note_on_c, 0, 72, 79
1, 487567, Note_on_c, 0, 45, 0
1, 487573, Note_on_c, 0, 71, 0
1, 487629, Note_on_c, 0, 29, 104
1, 487637, Note_on_c, 0, 74, 99
1, 487682, Note_on_c, 0, 72, 0
1, 487702, Note_on_c, 0, 29, 0
1, 487715, Note_on_c, 0, 41, 92
1, 487788, Note_on_c, 0, 41, 0
1, 487808, Note_on_c, 0, 40, 99
1, 487882, Note_on_c, 0, 40, 0
1, 487891, Note_on_c, 0, 41, 92
1, 487950, Note_on_c, 0, 41, 0
1, 487985, Note_on_c, 0, 43, 82
1, 487991, Note_on_c, 0, 77, 90
1, 488005, Note_on_c, 0, 74, 0
1, 488035, Note_on_c, 0, 43, 0
1, 488061, Note_on_c, 0, 41, 90
1, 488064, Control_c, 0, 64, 127
1, 488108, Note_on_c, 0, 77, 0
1, 488141, Note_on_c, 0, 41, 0
1, 488147, Note_on_c, 0, 40, 97
1, 488211, Note_on_c, 0, 40, 0
1, 488222, Note_on_c, 0, 41, 80
1, 488233, Control_c, 0, 64, 0
1, 488311, Note_on_c, 0, 41, 0
1, 488314, Note_on_c, 0, 71, 94
1, 488323, Note_on_c, 0, 31, 91
1, 488323, Note_on_c, 0, 62, 76
1, 488328, Note_on_c, 0, 65, 64
1, 488397, Note_on_c, 0, 31, 0
1, 488403, Note_on_c, 0, 43, 87
1, 488482, Note_on_c, 0, 43, 0
1, 488487, Note_on_c, 0, 42, 78
1, 488542, Note_on_c, 0, 62, 0
1, 488557, Note_on_c, 0, 71, 0
1, 488563, Note_on_c, 0, 43, 77
1, 488585, Note_on_c, 0, 42, 0
1, 488651, Note_on_c, 0, 43, 0
1, 488665, Note_on_c, 0, 36, 90
1, 488668, Note_on_c, 0, 72, 80
1, 488671, Note_on_c, 0, 64, 80
1, 488680, Note_on_c, 0, 65, 0
1, 488744, Note_on_c, 0, 38, 92
1, 488779, Note_on_c, 0, 36, 0
1, 488840, Note_on_c, 0, 40, 100
1, 488865, Note_on_c, 0, 38, 0
1, 488927, Note_on_c, 0, 40, 0
1, 488927, Note_on_c, 0, 41, 87
1, 489010, Note_on_c, 0, 41, 0
1, 489010, Note_on_c, 0, 43, 89
1, 489081, Note_on_c, 0, 45, 81
1, 489092, Note_on_c, 0, 43, 0
1, 489159, Note_on_c, 0, 45, 0
1, 489162, Note_on_c, 0, 47, 82
1, 489237, Note_on_c, 0, 47, 0
1, 489242, Note_on_c, 0, 48, 77
1, 489328, Note_on_c, 0, 48, 0
1, 489345, Note_on_c, 0, 36, 104
1, 489348, Note_on_c, 0, 64, 0
1, 489382, Note_on_c, 0, 72, 0
1, 489423, Note_on_c, 0, 36, 0
1, 489454, Control_c, 0, 64, 127
1, 489623, Control_c, 0, 64, 0
1, 489715, Note_on_c, 0, 81, 92
1, 489721, Note_on_c, 0, 55, 93
1, 489786, Note_on_c, 0, 79, 85
1, 489804, Note_on_c, 0, 64, 62
1, 489810, Note_on_c, 0, 55, 0
1, 489824, Note_on_c, 0, 81, 0
1, 489849, Note_on_c, 0, 64, 0
1, 489871, Note_on_c, 0, 79, 0
1, 489871, Note_on_c, 0, 78, 70
1, 489880, Note_on_c, 0, 63, 64
1, 489919, Note_on_c, 0, 63, 0
1, 489939, Note_on_c, 0, 78, 0
1, 489947, Note_on_c, 0, 79, 75
1, 489969, Note_on_c, 0, 64, 75
1, 490000, Note_on_c, 0, 64, 0
1, 490010, Note_on_c, 0, 79, 0
1, 490042, Note_on_c, 0, 63, 71
1, 490042, Note_on_c, 0, 78, 59
1, 490080, Note_on_c, 0, 63, 0
1, 490094, Note_on_c, 0, 78, 0
1, 490117, Note_on_c, 0, 79, 76
1, 490134, Note_on_c, 0, 64, 59
1, 490166, Note_on_c, 0, 79, 0
1, 490170, Note_on_c, 0, 64, 0
1, 490200, Note_on_c, 0, 63, 67
1, 490203, Note_on_c, 0, 78, 64
1, 490236, Note_on_c, 0, 63, 0
1, 490247, Note_on_c, 0, 78, 0
1, 490276, Note_on_c, 0, 79, 75
1, 490289, Note_on_c, 0, 64, 44
1, 490325, Note_on_c, 0, 79, 0
1, 490331, Note_on_c, 0, 64, 0
1, 490347, Note_on_c, 0, 63, 70
1, 490357, Note_on_c, 0, 78, 67
1, 490395, Note_on_c, 0, 63, 0
1, 490406, Note_on_c, 0, 78, 0
1, 490429, Note_on_c, 0, 79, 76
1, 490434, Note_on_c, 0, 64, 54
1, 490479, Note_on_c, 0, 64, 0
1, 490479, Note_on_c, 0, 79, 0
1, 490512, Note_on_c, 0, 63, 70
1, 490512, Note_on_c, 0, 78, 69
1, 490559, Note_on_c, 0, 78, 0
1, 490559, Note_on_c, 0, 63, 0
1, 490584, Note_on_c, 0, 79, 82
1, 490596, Note_on_c, 0, 64, 77
1, 490616, Note_on_c, 0, 79, 0
1, 490630, Note_on_c, 0, 64, 0
1, 490668, Note_on_c, 0, 79, 91
1, 490668, Note_on_c, 0, 55, 85
1, 490726, Note_on_c, 0, 55, 0
1, 490754, Note_on_c, 0, 62, 68
1, 490754, Note_on_c, 0, 77, 81
1, 490790, Note_on_c, 0, 79, 0
1, 490790, Note_on_c, 0, 62, 0
1, 490824, Note_on_c, 0, 61, 67
1, 490827, Note_on_c, 0, 77, 0
1, 490832, Note_on_c, 0, 76, 72
1, 490883, Note_on_c, 0, 61, 0
1, 490886, Note_on_c, 0, 76, 0
1, 490897, Note_on_c, 0, 77, 78
1, 490911, Note_on_c, 0, 62, 73
1, 490949, Note_on_c, 0, 62, 0
1, 490977, Note_on_c, 0, 77, 0
1, 490989, Note_on_c, 0, 61, 71
1, 490989, Note_on_c, 0, 76, 79
1, 491034, Note_on_c, 0, 61, 0
1, 491034, Note_on_c, 0, 76, 0
1, 491055, Note_on_c, 0, 77, 76
1, 491066, Note_on_c, 0, 62, 73
1, 491103, Note_on_c, 0, 62, 0
1, 491139, Note_on_c, 0, 77, 0
1, 491139, Note_on_c, 0, 61, 71
1, 491144, Note_on_c, 0, 76, 81
1, 491184, Note_on_c, 0, 61, 0
1, 491215, Note_on_c, 0, 62, 81
1, 491215, Note_on_c, 0, 77, 80
1, 491220, Note_on_c, 0, 76, 0
1, 491254, Note_on_c, 0, 62, 0
1, 491293, Note_on_c, 0, 61, 77
1, 491311, Note_on_c, 0, 76, 78
1, 491314, Note_on_c, 0, 77, 0
1, 491357, Note_on_c, 0, 61, 0
1, 491378, Note_on_c, 0, 76, 0
1, 491378, Note_on_c, 0, 77, 78
1, 491382, Note_on_c, 0, 62, 75
1, 491423, Note_on_c, 0, 62, 0
1, 491463, Note_on_c, 0, 77, 0
1, 491467, Note_on_c, 0, 61, 67
1, 491476, Note_on_c, 0, 76, 79
1, 491523, Note_on_c, 0, 76, 0
1, 491540, Note_on_c, 0, 61, 0
1, 491548, Note_on_c, 0, 77, 54
1, 491560, Note_on_c, 0, 62, 60
1, 491582, Note_on_c, 0, 77, 0
1, 491599, Note_on_c, 0, 62, 0
1, 491627, Note_on_c, 0, 55, 76
1, 491632, Note_on_c, 0, 77, 77
1, 491685, Note_on_c, 0, 55, 0
1, 491715, Note_on_c, 0, 60, 56
1, 491721, Note_on_c, 0, 76, 61
1, 491743, Note_on_c, 0, 77, 0
1, 491763, Note_on_c, 0, 60, 0
1, 491775, Note_on_c, 0, 76, 0
1, 491786, Note_on_c, 0, 59, 67
1, 491796, Note_on_c, 0, 75, 66
1, 491833, Note_on_c, 0, 59, 0
1, 491861, Note_on_c, 0, 75, 0
1, 491875, Note_on_c, 0, 60, 51
1, 491875, Note_on_c, 0, 76, 61
1, 491921, Note_on_c, 0, 60, 0
1, 491924, Note_on_c, 0, 76, 0
1, 491952, Note_on_c, 0, 75, 59
1, 491955, Note_on_c, 0, 59, 57
1, 491995, Note_on_c, 0, 59, 0
1, 492019, Note_on_c, 0, 75, 0
1, 492022, Note_on_c, 0, 60, 50
1, 492030, Note_on_c, 0, 76, 66
1, 492073, Note_on_c, 0, 60, 0
1, 492078, Note_on_c, 0, 76, 0
1, 492106, Note_on_c, 0, 75, 54
1, 492114, Note_on_c, 0, 59, 47
1, 492158, Note_on_c, 0, 59, 0
1, 492158, Note_on_c, 0, 75, 0
1, 492187, Note_on_c, 0, 76, 63
1, 492195, Note_on_c, 0, 60, 52
1, 492234, Note_on_c, 0, 76, 0
1, 492240, Note_on_c, 0, 60, 0
1, 492272, Note_on_c, 0, 59, 73
1, 492272, Note_on_c, 0, 75, 71
1, 492317, Note_on_c, 0, 75, 0
1, 492317, Note_on_c, 0, 59, 0
1, 492342, Note_on_c, 0, 76, 73
1, 492353, Note_on_c, 0, 60, 87
1, 492392, Note_on_c, 0, 76, 0
1, 492401, Note_on_c, 0, 60, 0
1, 492426, Note_on_c, 0, 75, 64
1, 492438, Note_on_c, 0, 59, 66
1, 492481, Note_on_c, 0, 75, 0
1, 492496, Note_on_c, 0, 60, 69
1, 492496, Note_on_c, 0, 76, 77
1, 492499, Note_on_c, 0, 59, 0
1, 492527, Note_on_c, 0, 76, 0
1, 492552, Note_on_c, 0, 60, 0
1, 492584, Note_on_c, 0, 55, 83
1, 492584, Note_on_c, 0, 76, 44
1, 492654, Note_on_c, 0, 65, 83
1, 492657, Note_on_c, 0, 55, 0
1, 492668, Note_on_c, 0, 74, 78
1, 492688, Note_on_c, 0, 76, 0
1, 492726, Note_on_c, 0, 65, 0
1, 492726, Note_on_c, 0, 74, 0
1, 492746, Note_on_c, 0, 73, 64
1, 492754, Note_on_c, 0, 64, 73
1, 492804, Note_on_c, 0, 64, 0
1, 492822, Note_on_c, 0, 74, 71
1, 492825, Note_on_c, 0, 73, 0
1, 492841, Note_on_c, 0, 65, 66
1, 492877, Note_on_c, 0, 74, 0
1, 492877, Note_on_c, 0, 65, 0
1, 492902, Note_on_c, 0, 73, 56
1, 492925, Note_on_c, 0, 64, 72
1, 492966, Note_on_c, 0, 64, 0
1, 492986, Note_on_c, 0, 73, 0
1, 492986, Note_on_c, 0, 74, 75
1, 492999, Note_on_c, 0, 65, 66
1, 493028, Note_on_c, 0, 74, 0
1, 493038, Note_on_c, 0, 65, 0
1, 493062, Note_on_c, 0, 73, 48
1, 493101, Note_on_c, 0, 64, 41
1, 493122, Note_on_c, 0, 73, 0
1, 493139, Note_on_c, 0, 74, 80
1, 493145, Note_on_c, 0, 64, 0
1, 493155, Note_on_c, 0, 65, 64
1, 493187, Note_on_c, 0, 74, 0
1, 493190, Note_on_c, 0, 65, 0
1, 493229, Note_on_c, 0, 73, 72
1, 493256, Note_on_c, 0, 64, 25
1, 493303, Note_on_c, 0, 73, 0
1, 493303, Note_on_c, 0, 64, 0
1, 493303, Note_on_c, 0, 74, 82
1, 493325, Note_on_c, 0, 65, 39
1, 493367, Note_on_c, 0, 74, 0
1, 493370, Note_on_c, 0, 65, 0
1, 493384, Note_on_c, 0, 73, 62
1, 493389, Note_on_c, 0, 64, 50
1, 493438, Note_on_c, 0, 73, 0
1, 493438, Note_on_c, 0, 64, 0
1, 493457, Note_on_c, 0, 74, 64
1, 493476, Note_on_c, 0, 65, 43
1, 493524, Note_on_c, 0, 65, 0
1, 493565, Note_on_c, 0, 74, 0
1, 493565, Note_on_c, 0, 55, 71
1, 493579, Note_on_c, 0, 81, 86
1, 493613, Note_on_c, 0, 55, 0
1, 493655, Note_on_c, 0, 79, 79
1, 493660, Note_on_c, 0, 64, 56
1, 493666, Note_on_c, 0, 81, 0
1, 493701, Note_on_c, 0, 79, 0
1, 493701, Note_on_c, 0, 64, 0
1, 493725, Note_on_c, 0, 63, 64
1, 493732, Note_on_c, 0, 78, 69
1, 493766, Note_on_c, 0, 63, 0
1, 493803, Note_on_c, 0, 78, 0
1, 493810, Note_on_c, 0, 79, 84
1, 493827, Note_on_c, 0, 64, 46
1, 493867, Note_on_c, 0, 64, 0
1, 493872, Note_on_c, 0, 79, 0
1, 493888, Note_on_c, 0, 63, 67
1, 493910, Note_on_c, 0, 78, 64
1, 493934, Note_on_c, 0, 63, 0
1, 493959, Note_on_c, 0, 78, 0
1, 493980, Note_on_c, 0, 79, 74
1, 493988, Note_on_c, 0, 64, 53
1, 494027, Note_on_c, 0, 64, 0
1, 494031, Note_on_c, 0, 79, 0
1, 494058, Note_on_c, 0, 78, 66
1, 494058, Note_on_c, 0, 63, 61
1, 494105, Note_on_c, 0, 78, 0
1, 494105, Note_on_c, 0, 63, 0
1, 494142, Note_on_c, 0, 79, 89
1, 494151, Note_on_c, 0, 64, 54
1, 494183, Note_on_c, 0, 79, 0
1, 494190, Note_on_c, 0, 64, 0
1, 494225, Note_on_c, 0, 55, 75
1, 494234, Note_on_c, 0, 88, 79
1, 494267, Note_on_c, 0, 55, 0
1, 494286, Note_on_c, 0, 88, 0
1, 494303, Note_on_c, 0, 79, 75
1, 494309, Note_on_c, 0, 64, 55
1, 494348, Note_on_c, 0, 64, 0
1, 494362, Note_on_c, 0, 79, 0
1, 494392, Note_on_c, 0, 55, 66
1, 494392, Note_on_c, 0, 88, 73
1, 494435, Note_on_c, 0, 55, 0
1, 494442, Note_on_c, 0, 88, 0
1, 494473, Note_on_c, 0, 64, 47
1, 494479, Note_on_c, 0, 79, 49
1, 494513, Note_on_c, 0, 64, 0
1, 494535, Note_on_c, 0, 79, 0
1, 494556, Note_on_c, 0, 55, 73
1, 494563, Note_on_c, 0, 79, 71
1, 494601, Note_on_c, 0, 55, 0
1, 494627, Note_on_c, 0, 62, 63
1, 494649, Note_on_c, 0, 77, 73
1, 494657, Note_on_c, 0, 79, 0
1, 494674, Note_on_c, 0, 62, 0
1, 494707, Note_on_c, 0, 61, 51
1, 494715, Note_on_c, 0, 77, 0
1, 494730, Note_on_c, 0, 76, 49
1, 494760, Note_on_c, 0, 61, 0
1, 494782, Note_on_c, 0, 76, 0
1, 494802, Note_on_c, 0, 77, 61
1, 494813, Note_on_c, 0, 62, 39
1, 494861, Note_on_c, 0, 62, 0
1, 494881, Note_on_c, 0, 61, 55
1, 494892, Note_on_c, 0, 77, 0
1, 494900, Note_on_c, 0, 76, 57
1, 494924, Note_on_c, 0, 61, 0
1, 494947, Note_on_c, 0, 76, 0
1, 494970, Note_on_c, 0, 77, 56
1, 494970, Note_on_c, 0, 62, 45
1, 495023, Note_on_c, 0, 62, 0
1, 495044, Note_on_c, 0, 77, 0
1, 495048, Note_on_c, 0, 61, 60
1, 495061, Note_on_c, 0, 76, 56
1, 495106, Note_on_c, 0, 61, 0
1, 495111, Note_on_c, 0, 76, 0
1, 495136, Note_on_c, 0, 77, 66
1, 495153, Note_on_c, 0, 62, 55
1, 495167, Note_on_c, 0, 77, 0
1, 495197, Note_on_c, 0, 62, 0
1, 495228, Note_on_c, 0, 55, 69
1, 495228, Note_on_c, 0, 86, 89
1, 495276, Note_on_c, 0, 55, 0
1, 495295, Note_on_c, 0, 86, 0
1, 495300, Note_on_c, 0, 77, 73
1, 495304, Note_on_c, 0, 62, 53
1, 495346, Note_on_c, 0, 62, 0
1, 495378, Note_on_c, 0, 77, 0
1, 495393, Note_on_c, 0, 55, 64
1, 495398, Note_on_c, 0, 86, 79
1, 495445, Note_on_c, 0, 55, 0
1, 495445, Note_on_c, 0, 86, 0
1, 495470, Note_on_c, 0, 62, 64
1, 495476, Note_on_c, 0, 77, 56
1, 495505, Note_on_c, 0, 62, 0
1, 495510, Note_on_c, 0, 77, 0
1, 495558, Note_on_c, 0, 77, 86
1, 495563, Note_on_c, 0, 55, 73
1, 495610, Note_on_c, 0, 55, 0
1, 495621, Note_on_c, 0, 60, 66
1, 495647, Note_on_c, 0, 76, 67
1, 495661, Note_on_c, 0, 77, 0
1, 495668, Note_on_c, 0, 60, 0
1, 495707, Note_on_c, 0, 76, 0
1, 495707, Note_on_c, 0, 59, 57
1, 495730, Note_on_c, 0, 75, 61
1, 495752, Note_on_c, 0, 59, 0
1, 495788, Note_on_c, 0, 60, 63
1, 495805, Note_on_c, 0, 75, 0
1, 495805, Note_on_c, 0, 76, 73
1, 495831, Note_on_c, 0, 60, 0
1, 495860, Note_on_c, 0, 76, 0
1, 495864, Note_on_c, 0, 59, 59
1, 495891, Note_on_c, 0, 75, 61
1, 495909, Note_on_c, 0, 59, 0
1, 495956, Note_on_c, 0, 60, 65
1, 495966, Note_on_c, 0, 75, 0
1, 495966, Note_on_c, 0, 76, 73
1, 496002, Note_on_c, 0, 60, 0
1, 496020, Note_on_c, 0, 76, 0
1, 496033, Note_on_c, 0, 59, 68
1, 496033, Note_on_c, 0, 75, 68
1, 496080, Note_on_c, 0, 59, 0
1, 496090, Note_on_c, 0, 75, 0
1, 496122, Note_on_c, 0, 76, 74
1, 496122, Note_on_c, 0, 60, 61
1, 496164, Note_on_c, 0, 76, 0
1, 496172, Note_on_c, 0, 60, 0
1, 496201, Note_on_c, 0, 55, 78
1, 496206, Note_on_c, 0, 84, 91
1, 496251, Note_on_c, 0, 55, 0
1, 496259, Note_on_c, 0, 84, 0
1, 496276, Note_on_c, 0, 76, 72
1, 496284, Note_on_c, 0, 60, 68
1, 496326, Note_on_c, 0, 60, 0
1, 496335, Note_on_c, 0, 76, 0
1, 496356, Note_on_c, 0, 55, 77
1, 496373, Note_on_c, 0, 84, 88
1, 496438, Note_on_c, 0, 84, 0
1, 496438, Note_on_c, 0, 55, 0
1, 496438, Note_on_c, 0, 60, 77
1, 496446, Note_on_c, 0, 76, 67
1, 496479, Note_on_c, 0, 60, 0
1, 496484, Note_on_c, 0, 76, 0
1, 496530, Note_on_c, 0, 76, 80
1, 496530, Note_on_c, 0, 55, 81
1, 496601, Note_on_c, 0, 55, 0
1, 496613, Note_on_c, 0, 74, 89
1, 496616, Note_on_c, 0, 65, 69
1, 496641, Note_on_c, 0, 76, 0
1, 496655, Note_on_c, 0, 65, 0
1, 496694, Note_on_c, 0, 73, 68
1, 496705, Note_on_c, 0, 74, 0
1, 496727, Note_on_c, 0, 64, 45
1, 496763, Note_on_c, 0, 74, 82
1, 496769, Note_on_c, 0, 64, 0
1, 496774, Note_on_c, 0, 65, 60
1, 496789, Note_on_c, 0, 73, 0
1, 496824, Note_on_c, 0, 65, 0
1, 496853, Note_on_c, 0, 73, 57
1, 496861, Note_on_c, 0, 74, 0
1, 496861, Note_on_c, 0, 64, 69
1, 496930, Note_on_c, 0, 74, 73
1, 496938, Note_on_c, 0, 64, 0
1, 496941, Note_on_c, 0, 65, 71
1, 496947, Note_on_c, 0, 73, 0
1, 497003, Note_on_c, 0, 65, 0
1, 497026, Note_on_c, 0, 73, 51
1, 497026, Note_on_c, 0, 74, 0
1, 497026, Note_on_c, 0, 64, 64
1, 497079, Note_on_c, 0, 64, 0
1, 497096, Note_on_c, 0, 74, 69
1, 497118, Note_on_c, 0, 73, 0
1, 497118, Note_on_c, 0, 65, 63
1, 497159, Note_on_c, 0, 74, 0
1, 497159, Note_on_c, 0, 65, 0
1, 497200, Note_on_c, 0, 55, 77
1, 497211, Note_on_c, 0, 79, 64
1, 497237, Note_on_c, 0, 55, 0
1, 497254, Note_on_c, 0, 71, 74
1, 497260, Note_on_c, 0, 79, 0
1, 497267, Note_on_c, 0, 65, 70
1, 497301, Note_on_c, 0, 65, 0
1, 497312, Note_on_c, 0, 71, 0
1, 497359, Note_on_c, 0, 79, 70
1, 497370, Note_on_c, 0, 55, 65
1, 497407, Note_on_c, 0, 79, 0
1, 497416, Note_on_c, 0, 55, 0
1, 497426, Note_on_c, 0, 65, 70
1, 497429, Note_on_c, 0, 71, 60
1, 497460, Note_on_c, 0, 65, 0
1, 497473, Note_on_c, 0, 71, 0
1, 497547, Note_on_c, 0, 48, 87
1, 497547, Note_on_c, 0, 72, 89
1, 497547, Note_on_c, 0, 64, 92
1, 497554, Note_on_c, 0, 67, 72
1, 497582, Note_on_c, 0, 48, 0
1, 497605, Note_on_c, 0, 60, 80
1, 497652, Control_c, 0, 64, 127
1, 497660, Note_on_c, 0, 60, 0
1, 497693, Note_on_c, 0, 59, 77
1, 497743, Note_on_c, 0, 64, 0
1, 497763, Note_on_c, 0, 59, 0
1, 497774, Note_on_c, 0, 60, 80
1, 497814, Note_on_c, 0, 67, 0
1, 497845, Note_on_c, 0, 60, 0
1, 497856, Note_on_c, 0, 62, 84
1, 497878, Note_on_c, 0, 72, 0
1, 497891, Control_c, 0, 64, 0
1, 497903, Note_on_c, 0, 62, 0
1, 497953, Note_on_c, 0, 60, 78
1, 497998, Note_on_c, 0, 60, 0
1, 498034, Note_on_c, 0, 59, 62
1, 498079, Note_on_c, 0, 59, 0
1, 498111, Note_on_c, 0, 60, 76
1, 498164, Note_on_c, 0, 60, 0
1, 498179, Note_on_c, 0, 62, 85
1, 498190, Note_on_c, 0, 72, 77
1, 498220, Note_on_c, 0, 62, 0
1, 498220, Note_on_c, 0, 72, 0
1, 498226, Note_on_c, 0, 74, 84
1, 498260, Note_on_c, 0, 74, 0
1, 498267, Note_on_c, 0, 60, 84
1, 498273, Note_on_c, 0, 72, 59
1, 498331, Note_on_c, 0, 60, 0
1, 498331, Note_on_c, 0, 72, 0
1, 498348, Note_on_c, 0, 74, 66
1, 498365, Note_on_c, 0, 59, 69
1, 498378, Note_on_c, 0, 72, 83
1, 498396, Note_on_c, 0, 74, 0
1, 498415, Note_on_c, 0, 59, 0
1, 498434, Note_on_c, 0, 71, 82
1, 498449, Note_on_c, 0, 60, 67
1, 498454, Note_on_c, 0, 72, 0
1, 498471, Note_on_c, 0, 71, 0
1, 498502, Note_on_c, 0, 72, 89
1, 498527, Note_on_c, 0, 60, 0
1, 498541, Note_on_c, 0, 72, 0
1, 498568, Note_on_c, 0, 79, 103
1, 498568, Note_on_c, 0, 52, 82
1, 498621, Note_on_c, 0, 52, 0
1, 498647, Note_on_c, 0, 60, 69
1, 498693, Note_on_c, 0, 60, 0
1, 498722, Note_on_c, 0, 59, 78
1, 498777, Note_on_c, 0, 59, 0
1, 498810, Note_on_c, 0, 60, 79
1, 498877, Note_on_c, 0, 60, 0
1, 498894, Note_on_c, 0, 62, 86
1, 498969, Note_on_c, 0, 79, 0
1, 498972, Note_on_c, 0, 62, 0
1, 498987, Note_on_c, 0, 60, 79
1, 499040, Note_on_c, 0, 60, 0
1, 499058, Note_on_c, 0, 59, 76
1, 499117, Note_on_c, 0, 59, 0
1, 499142, Note_on_c, 0, 60, 68
1, 499204, Note_on_c, 0, 60, 0
1, 499204, Note_on_c, 0, 72, 66
1, 499232, Note_on_c, 0, 62, 58
1, 499242, Note_on_c, 0, 72, 0
1, 499251, Note_on_c, 0, 74, 74
1, 499279, Note_on_c, 0, 62, 0
1, 499284, Note_on_c, 0, 74, 0
1, 499284, Note_on_c, 0, 72, 81
1, 499312, Note_on_c, 0, 60, 64
1, 499324, Note_on_c, 0, 72, 0
1, 499357, Note_on_c, 0, 74, 72
1, 499368, Note_on_c, 0, 60, 0
1, 499385, Note_on_c, 0, 72, 77
1, 499395, Note_on_c, 0, 74, 0
1, 499404, Note_on_c, 0, 59, 59
1, 499441, Note_on_c, 0, 71, 86
1, 499448, Note_on_c, 0, 59, 0
1, 499462, Note_on_c, 0, 72, 0
1, 499482, Note_on_c, 0, 71, 0
1, 499482, Note_on_c, 0, 60, 72
1, 499508, Note_on_c, 0, 72, 84
1, 499540, Note_on_c, 0, 72, 0
1, 499555, Note_on_c, 0, 60, 0
1, 499585, Note_on_c, 0, 81, 102
1, 499585, Note_on_c, 0, 72, 85
1, 499585, Note_on_c, 0, 79, 100
1, 499593, Note_on_c, 0, 53, 93
1, 499686, Note_on_c, 0, 53, 0
1, 499689, Note_on_c, 0, 60, 71
1, 499747, Note_on_c, 0, 60, 0
1, 499747, Control_c, 0, 64, 127
1, 499766, Note_on_c, 0, 81, 0
1, 499766, Note_on_c, 0, 59, 77
1, 499786, Note_on_c, 0, 72, 0
1, 499797, Control_c, 0, 64, 0
1, 499850, Note_on_c, 0, 59, 0
1, 499861, Note_on_c, 0, 60, 77
1, 499922, Note_on_c, 0, 60, 0
1, 499928, Note_on_c, 0, 77, 83
1, 499928, Note_on_c, 0, 81, 87
1, 499931, Note_on_c, 0, 72, 74
1, 499944, Note_on_c, 0, 79, 0
1, 499944, Note_on_c, 0, 62, 81
1, 500003, Note_on_c, 0, 62, 0
1, 500034, Note_on_c, 0, 60, 77
1, 500084, Note_on_c, 0, 60, 0
1, 500084, Control_c, 0, 64, 127
1, 500111, Note_on_c, 0, 59, 69
1, 500123, Note_on_c, 0, 72, 0
1, 500143, Note_on_c, 0, 77, 0
1, 500143, Control_c, 0, 64, 0
1, 500156, Note_on_c, 0, 81, 0
1, 500170, Note_on_c, 0, 59, 0
1, 500196, Note_on_c, 0, 60, 75
1, 500254, Note_on_c, 0, 60, 0
1, 500262, Note_on_c, 0, 81, 96
1, 500262, Note_on_c, 0, 77, 84
1, 500262, Note_on_c, 0, 72, 82
1, 500276, Note_on_c, 0, 62, 76
1, 500318, Note_on_c, 0, 62, 0
1, 500355, Note_on_c, 0, 60, 70
1, 500409, Note_on_c, 0, 60, 0
1, 500432, Control_c, 0, 64, 127
1, 500437, Note_on_c, 0, 59, 73
1, 500468, Control_c, 0, 64, 0
1, 500472, Note_on_c, 0, 59, 0
1, 500477, Note_on_c, 0, 81, 0
1, 500477, Note_on_c, 0, 72, 0
1, 500499, Note_on_c, 0, 77, 0
1, 500513, Note_on_c, 0, 60, 86
1, 500565, Note_on_c, 0, 60, 0
1, 500596, Note_on_c, 0, 79, 99
1, 500596, Note_on_c, 0, 72, 79
1, 500596, Note_on_c, 0, 76, 78
1, 500618, Note_on_c, 0, 48, 75
1, 500667, Note_on_c, 0, 48, 0
1, 500694, Note_on_c, 0, 60, 80
1, 500731, Note_on_c, 0, 60, 0
1, 500731, Control_c, 0, 64, 127
1, 500761, Note_on_c, 0, 59, 79
1, 500803, Note_on_c, 0, 76, 0
1, 500838, Note_on_c, 0, 59, 0
1, 500848, Note_on_c, 0, 60, 79
1, 500900, Control_c, 0, 64, 0
1, 500914, Note_on_c, 0, 79, 0
1, 500925, Note_on_c, 0, 72, 0
1, 500942, Note_on_c, 0, 62, 83
1, 500942, Note_on_c, 0, 60, 0
1, 501020, Note_on_c, 0, 62, 0
1, 501025, Note_on_c, 0, 60, 68
1, 501112, Note_on_c, 0, 59, 86
1, 501112, Note_on_c, 0, 60, 0
1, 501164, Note_on_c, 0, 59, 0
1, 501182, Note_on_c, 0, 60, 79
1, 501235, Note_on_c, 0, 79, 99
1, 501265, Note_on_c, 0, 60, 0
1, 501265, Note_on_c, 0, 79, 0
1, 501277, Note_on_c, 0, 81, 83
1, 501295, Note_on_c, 0, 49, 77
1, 501309, Note_on_c, 0, 81, 0
1, 501324, Note_on_c, 0, 79, 73
1, 501355, Note_on_c, 0, 49, 0
1, 501379, Note_on_c, 0, 79, 0
1, 501379, Note_on_c, 0, 61, 76
1, 501391, Note_on_c, 0, 81, 69
1, 501435, Note_on_c, 0, 79, 94
1, 501469, Note_on_c, 0, 59, 75
1, 501469, Note_on_c, 0, 61, 0
1, 501469, Note_on_c, 0, 81, 0
1, 501510, Note_on_c, 0, 78, 82
1, 501529, Note_on_c, 0, 79, 0
1, 501544, Note_on_c, 0, 59, 0
1, 501547, Note_on_c, 0, 61, 64
1, 501560, Note_on_c, 0, 78, 0
1, 501572, Note_on_c, 0, 79, 102
1, 501630, Note_on_c, 0, 61, 0
1, 501635, Note_on_c, 0, 78, 91
1, 501657, Note_on_c, 0, 50, 91
1, 501677, Note_on_c, 0, 79, 0
1, 501717, Note_on_c, 0, 50, 0
1, 501741, Note_on_c, 0, 62, 79
1, 501763, Control_c, 0, 64, 127
1, 501803, Note_on_c, 0, 62, 0
1, 501816, Note_on_c, 0, 61, 77
1, 501878, Note_on_c, 0, 61, 0
1, 501883, Control_c, 0, 64, 0
1, 501892, Note_on_c, 0, 62, 77
1, 501954, Note_on_c, 0, 62, 0
1, 501965, Note_on_c, 0, 64, 69
1, 502021, Note_on_c, 0, 62, 83
1, 502036, Note_on_c, 0, 78, 0
1, 502075, Note_on_c, 0, 64, 0
1, 502096, Note_on_c, 0, 61, 77
1, 502099, Note_on_c, 0, 62, 0
1, 502171, Note_on_c, 0, 62, 77
1, 502196, Note_on_c, 0, 61, 0
1, 502234, Note_on_c, 0, 62, 0
1, 502245, Note_on_c, 0, 47, 92
1, 502245, Note_on_c, 0, 77, 86
1, 502285, Note_on_c, 0, 79, 92
1, 502289, Note_on_c, 0, 77, 0
1, 502309, Note_on_c, 0, 59, 81
1, 502321, Note_on_c, 0, 79, 0
1, 502334, Note_on_c, 0, 47, 0
1, 502337, Note_on_c, 0, 77, 62
1, 502366, Note_on_c, 0, 59, 0
1, 502401, Note_on_c, 0, 79, 79
1, 502401, Note_on_c, 0, 77, 0
1, 502415, Note_on_c, 0, 57, 77
1, 502458, Note_on_c, 0, 77, 75
1, 502461, Note_on_c, 0, 79, 0
1, 502477, Note_on_c, 0, 57, 0
1, 502493, Note_on_c, 0, 77, 0
1, 502500, Note_on_c, 0, 76, 63
1, 502500, Note_on_c, 0, 59, 77
1, 502538, Note_on_c, 0, 76, 0
1, 502538, Note_on_c, 0, 77, 82
1, 502589, Note_on_c, 0, 59, 0
1, 502610, Note_on_c, 0, 76, 47
1, 502616, Note_on_c, 0, 48, 80
1, 502647, Note_on_c, 0, 77, 0
1, 502658, Note_on_c, 0, 48, 0
1, 502695, Note_on_c, 0, 60, 79
1, 502739, Note_on_c, 0, 60, 0
1, 502781, Note_on_c, 0, 59, 77
1, 502792, Control_c, 0, 64, 127
1, 502848, Note_on_c, 0, 59, 0
1, 502867, Note_on_c, 0, 60, 81
1, 502889, Control_c, 0, 64, 0
1, 502951, Note_on_c, 0, 62, 91
1, 502951, Note_on_c, 0, 60, 0
1, 503023, Note_on_c, 0, 76, 0
1, 503034, Note_on_c, 0, 62, 0
1, 503042, Note_on_c, 0, 60, 78
1, 503121, Note_on_c, 0, 60, 0
1, 503121, Note_on_c, 0, 59, 81
1, 503185, Note_on_c, 0, 59, 0
1, 503204, Note_on_c, 0, 60, 62
1, 503240, Note_on_c, 0, 60, 0
1, 503282, Note_on_c, 0, 72, 90
1, 503293, Note_on_c, 0, 45, 79
1, 503313, Note_on_c, 0, 72, 0
1, 503319, Note_on_c, 0, 74, 86
1, 503337, Note_on_c, 0, 45, 0
1, 503355, Note_on_c, 0, 74, 0
1, 503371, Note_on_c, 0, 57, 85
1, 503374, Note_on_c, 0, 72, 62
1, 503426, Note_on_c, 0, 72, 0
1, 503426, Note_on_c, 0, 57, 0
1, 503436, Note_on_c, 0, 74, 70
1, 503455, Note_on_c, 0, 56, 65
1, 503485, Note_on_c, 0, 72, 76
1, 503521, Note_on_c, 0, 74, 0
1, 503539, Note_on_c, 0, 57, 77
1, 503552, Note_on_c, 0, 71, 82
1, 503552, Note_on_c, 0, 56, 0
1, 503572, Note_on_c, 0, 72, 0
1, 503589, Note_on_c, 0, 57, 0
1, 503616, Note_on_c, 0, 71, 0
1, 503616, Note_on_c, 0, 72, 90
1, 503656, Note_on_c, 0, 41, 100
1, 503669, Note_on_c, 0, 74, 98
1, 503709, Note_on_c, 0, 72, 0
1, 503734, Note_on_c, 0, 41, 0
1, 503752, Note_on_c, 0, 53, 104
1, 503791, Note_on_c, 0, 53, 0
1, 503829, Note_on_c, 0, 52, 73
1, 503873, Note_on_c, 0, 52, 0
1, 503915, Note_on_c, 0, 53, 104
1, 503954, Note_on_c, 0, 53, 0
1, 503998, Note_on_c, 0, 77, 89
1, 503998, Note_on_c, 0, 55, 91
1, 504009, Note_on_c, 0, 74, 0
1, 504071, Note_on_c, 0, 55, 0
1, 504092, Note_on_c, 0, 53, 58
1, 504135, Control_c, 0, 64, 127
1, 504146, Note_on_c, 0, 77, 0
1, 504156, Note_on_c, 0, 53, 0
1, 504160, Note_on_c, 0, 52, 58
1, 504225, Note_on_c, 0, 52, 0
1, 504228, Note_on_c, 0, 53, 58
1, 504268, Control_c, 0, 64, 0
1, 504293, Note_on_c, 0, 53, 0
1, 504332, Note_on_c, 0, 71, 90
1, 504341, Note_on_c, 0, 43, 70
1, 504341, Note_on_c, 0, 62, 69
1, 504351, Note_on_c, 0, 65, 43
1, 504419, Note_on_c, 0, 55, 75
1, 504436, Note_on_c, 0, 43, 0
1, 504469, Note_on_c, 0, 55, 0
1, 504486, Note_on_c, 0, 54, 80
1, 504555, Note_on_c, 0, 62, 0
1, 504569, Note_on_c, 0, 54, 0
1, 504582, Note_on_c, 0, 71, 0
1, 504582, Note_on_c, 0, 55, 62
1, 504633, Note_on_c, 0, 55, 0
1, 504666, Note_on_c, 0, 48, 70
1, 504675, Note_on_c, 0, 72, 75
1, 504680, Note_on_c, 0, 67, 62
1, 504680, Note_on_c, 0, 64, 66
1, 504699, Note_on_c, 0, 65, 0
1, 504740, Note_on_c, 0, 50, 82
1, 504761, Note_on_c, 0, 48, 0
1, 504828, Note_on_c, 0, 52, 89
1, 504842, Note_on_c, 0, 50, 0
1, 504914, Note_on_c, 0, 52, 0
1, 504914, Note_on_c, 0, 53, 104
1, 504968, Note_on_c, 0, 53, 0
1, 504993, Note_on_c, 0, 55, 79
1, 505035, Note_on_c, 0, 55, 0
1, 505076, Note_on_c, 0, 57, 65
1, 505124, Note_on_c, 0, 57, 0
1, 505148, Note_on_c, 0, 59, 79
1, 505187, Note_on_c, 0, 59, 0
1, 505213, Note_on_c, 0, 67, 0
1, 505234, Note_on_c, 0, 60, 66
1, 505240, Note_on_c, 0, 64, 0
1, 505298, Note_on_c, 0, 60, 0
1, 505310, Note_on_c, 0, 48, 86
1, 505341, Note_on_c, 0, 72, 0
1, 505377, Note_on_c, 0, 48, 0
1, 505407, Control_c, 0, 64, 127
1, 505586, Control_c, 0, 64, 0
1, 505659, Note_on_c, 0, 81, 73
1, 505659, Note_on_c, 0, 55, 69
1, 505709, Note_on_c, 0, 55, 0
1, 505736, Note_on_c, 0, 79, 78
1, 505745, Note_on_c, 0, 81, 0
1, 505753, Note_on_c, 0, 64, 51
1, 505794, Note_on_c, 0, 79, 0
1, 505797, Note_on_c, 0, 64, 0
1, 505823, Note_on_c, 0, 78, 63
1, 505826, Note_on_c, 0, 63, 53
1, 505869, Note_on_c, 0, 63, 0
1, 505883, Note_on_c, 0, 78, 0
1, 505912, Note_on_c, 0, 79, 70
1, 505922, Note_on_c, 0, 64, 50
1, 505959, Note_on_c, 0, 79, 0
1, 505965, Note_on_c, 0, 64, 0
1, 505992, Note_on_c, 0, 78, 64
1, 505998, Note_on_c, 0, 63, 56
1, 506039, Note_on_c, 0, 78, 0
1, 506043, Note_on_c, 0, 63, 0
1, 506070, Note_on_c, 0, 79, 60
1, 506088, Note_on_c, 0, 64, 46
1, 506124, Note_on_c, 0, 79, 0
1, 506134, Note_on_c, 0, 64, 0
1, 506157, Note_on_c, 0, 78, 60
1, 506173, Note_on_c, 0, 63, 60
1, 506198, Note_on_c, 0, 78, 0
1, 506212, Note_on_c, 0, 63, 0
1, 506235, Note_on_c, 0, 79, 65
1, 506269, Note_on_c, 0, 64, 39
1, 506285, Note_on_c, 0, 79, 0
1, 506313, Note_on_c, 0, 64, 0
1, 506319, Note_on_c, 0, 78, 56
1, 506344, Note_on_c, 0, 63, 53
1, 506380, Note_on_c, 0, 78, 0
1, 506385, Note_on_c, 0, 63, 0
1, 506405, Note_on_c, 0, 64, 44
1, 506405, Note_on_c, 0, 79, 71
1, 506455, Note_on_c, 0, 79, 0
1, 506464, Note_on_c, 0, 64, 0
1, 506499, Note_on_c, 0, 78, 63
1, 506499, Note_on_c, 0, 63, 48
1, 506544, Note_on_c, 0, 78, 0
1, 506549, Note_on_c, 0, 63, 0
1, 506564, Note_on_c, 0, 79, 81
1, 506577, Note_on_c, 0, 64, 51
1, 506599, Note_on_c, 0, 79, 0
1, 506617, Note_on_c, 0, 64, 0
1, 506652, Note_on_c, 0, 55, 75
1, 506655, Note_on_c, 0, 79, 78
1, 506698, Note_on_c, 0, 55, 0
1, 506736, Note_on_c, 0, 77, 72
1, 506736, Note_on_c, 0, 62, 52
1, 506759, Note_on_c, 0, 79, 0
1, 506787, Note_on_c, 0, 77, 0
1, 506787, Note_on_c, 0, 62, 0
1, 506812, Note_on_c, 0, 61, 52
1, 506822, Note_on_c, 0, 76, 57
1, 506867, Note_on_c, 0, 76, 0
1, 506867, Note_on_c, 0, 61, 0
1, 506900, Note_on_c, 0, 62, 43
1, 506900, Note_on_c, 0, 77, 66
1, 506946, Note_on_c, 0, 62, 0
1, 506946, Note_on_c, 0, 77, 0
1, 506981, Note_on_c, 0, 76, 62
1, 506981, Note_on_c, 0, 61, 57
1, 507028, Note_on_c, 0, 76, 0
1, 507028, Note_on_c, 0, 61, 0
1, 507065, Note_on_c, 0, 77, 66
1, 507074, Note_on_c, 0, 62, 55
1, 507112, Note_on_c, 0, 77, 0
1, 507115, Note_on_c, 0, 62, 0
1, 507140, Note_on_c, 0, 76, 66
1, 507152, Note_on_c, 0, 61, 60
1, 507188, Note_on_c, 0, 76, 0
1, 507191, Note_on_c, 0, 61, 0
1, 507224, Note_on_c, 0, 77, 78
1, 507227, Note_on_c, 0, 62, 60
1, 507269, Note_on_c, 0, 62, 0
1, 507287, Note_on_c, 0, 77, 0
1, 507305, Note_on_c, 0, 61, 63
1, 507313, Note_on_c, 0, 76, 71
1, 507357, Note_on_c, 0, 61, 0
1, 507357, Note_on_c, 0, 76, 0
1, 507390, Note_on_c, 0, 77, 77
1, 507390, Note_on_c, 0, 62, 65
1, 507436, Note_on_c, 0, 62, 0
1, 507444, Note_on_c, 0, 77, 0
1, 507461, Note_on_c, 0, 76, 80
1, 507477, Note_on_c, 0, 61, 67
1, 507521, Note_on_c, 0, 76, 0
1, 507544, Note_on_c, 0, 61, 0
1, 507555, Note_on_c, 0, 77, 78
1, 507560, Note_on_c, 0, 62, 65
1, 507583, Note_on_c, 0, 77, 0
1, 507599, Note_on_c, 0, 62, 0
1, 507633, Note_on_c, 0, 77, 80
1, 507638, Note_on_c, 0, 55, 67
1, 507692, Note_on_c, 0, 55, 0
1, 507723, Note_on_c, 0, 76, 77
1, 507726, Note_on_c, 0, 60, 57
1, 507755, Note_on_c, 0, 77, 0
1, 507770, Note_on_c, 0, 60, 0
1, 507787, Note_on_c, 0, 59, 72
1, 507804, Note_on_c, 0, 75, 78
1, 507814, Note_on_c, 0, 76, 0
1, 507828, Note_on_c, 0, 59, 0
1, 507872, Note_on_c, 0, 60, 66
1, 507872, Note_on_c, 0, 76, 69
1, 507912, Note_on_c, 0, 75, 0
1, 507920, Note_on_c, 0, 60, 0
1, 507942, Note_on_c, 0, 59, 79
1, 507959, Note_on_c, 0, 75, 85
1, 507964, Note_on_c, 0, 76, 0
1, 507984, Note_on_c, 0, 59, 0
1, 508028, Note_on_c, 0, 76, 73
1, 508035, Note_on_c, 0, 60, 74
1, 508051, Note_on_c, 0, 75, 0
1, 508074, Note_on_c, 0, 60, 0
1, 508099, Note_on_c, 0, 59, 80
1, 508109, Note_on_c, 0, 75, 71
1, 508116, Note_on_c, 0, 76, 0
1, 508154, Note_on_c, 0, 59, 0
1, 508177, Note_on_c, 0, 76, 80
1, 508190, Note_on_c, 0, 60, 73
1, 508205, Note_on_c, 0, 75, 0
1, 508241, Note_on_c, 0, 60, 0
1, 508265, Note_on_c, 0, 75, 69
1, 508265, Note_on_c, 0, 59, 79
1, 508280, Note_on_c, 0, 76, 0
1, 508308, Note_on_c, 0, 59, 0
1, 508332, Note_on_c, 0, 76, 76
1, 508344, Note_on_c, 0, 60, 66
1, 508349, Note_on_c, 0, 75, 0
1, 508416, Note_on_c, 0, 60, 0
1, 508421, Note_on_c, 0, 75, 62
1, 508427, Note_on_c, 0, 76, 0
1, 508427, Note_on_c, 0, 59, 67
1, 508491, Note_on_c, 0, 59, 0
1, 508491, Note_on_c, 0, 60, 63
1, 508491, Note_on_c, 0, 76, 68
1, 508519, Note_on_c, 0, 75, 0
1, 508530, Note_on_c, 0, 76, 0
1, 508577, Note_on_c, 0, 60, 0
1, 508584, Note_on_c, 0, 55, 85
1, 508589, Note_on_c, 0, 76, 70
1, 508659, Note_on_c, 0, 65, 67
1, 508659, Note_on_c, 0, 55, 0
1, 508680, Note_on_c, 0, 74, 76
1, 508705, Note_on_c, 0, 76, 0
1, 508705, Note_on_c, 0, 65, 0
1, 508725, Note_on_c, 0, 74, 0
1, 508739, Note_on_c, 0, 64, 79
1, 508750, Note_on_c, 0, 73, 65
1, 508792, Note_on_c, 0, 64, 0
1, 508822, Note_on_c, 0, 65, 70
1, 508825, Note_on_c, 0, 73, 0
1, 508825, Note_on_c, 0, 74, 73
1, 508873, Note_on_c, 0, 74, 0
1, 508876, Note_on_c, 0, 65, 0
1, 508900, Note_on_c, 0, 73, 56
1, 508912, Note_on_c, 0, 64, 71
1, 508957, Note_on_c, 0, 64, 0
1, 508976, Note_on_c, 0, 73, 0
1, 508976, Note_on_c, 0, 74, 80
1, 508989, Note_on_c, 0, 65, 68
1, 509021, Note_on_c, 0, 74, 0
1, 509035, Note_on_c, 0, 65, 0
1, 509048, Note_on_c, 0, 73, 57
1, 509076, Note_on_c, 0, 64, 63
1, 509118, Note_on_c, 0, 64, 0
1, 509132, Note_on_c, 0, 74, 85
1, 509137, Note_on_c, 0, 73, 0
1, 509148, Note_on_c, 0, 65, 63
1, 509191, Note_on_c, 0, 65, 0
1, 509207, Note_on_c, 0, 74, 0
1, 509219, Note_on_c, 0, 73, 51
1, 509226, Note_on_c, 0, 64, 58
1, 509272, Note_on_c, 0, 64, 0
1, 509299, Note_on_c, 0, 74, 69
1, 509308, Note_on_c, 0, 65, 58
1, 509308, Note_on_c, 0, 73, 0
1, 509350, Note_on_c, 0, 74, 0
1, 509357, Note_on_c, 0, 65, 0
1, 509361, Note_on_c, 0, 73, 66
1, 509405, Note_on_c, 0, 64, 41
1, 509433, Note_on_c, 0, 73, 0
1, 509447, Note_on_c, 0, 64, 0
1, 509460, Note_on_c, 0, 74, 64
1, 509475, Note_on_c, 0, 65, 55
1, 509519, Note_on_c, 0, 65, 0
1, 509527, Note_on_c, 0, 74, 0
1, 509566, Note_on_c, 0, 55, 73
1, 509574, Note_on_c, 0, 81, 85
1, 509613, Note_on_c, 0, 55, 0
1, 509655, Note_on_c, 0, 79, 78
1, 509659, Note_on_c, 0, 81, 0
1, 509662, Note_on_c, 0, 64, 63
1, 509705, Note_on_c, 0, 79, 0
1, 509705, Note_on_c, 0, 64, 0
1, 509734, Note_on_c, 0, 78, 66
1, 509734, Note_on_c, 0, 63, 64
1, 509773, Note_on_c, 0, 63, 0
1, 509779, Note_on_c, 0, 78, 0
1, 509815, Note_on_c, 0, 79, 82
1, 509832, Note_on_c, 0, 64, 47
1, 509859, Note_on_c, 0, 79, 0
1, 509871, Note_on_c, 0, 64, 0
1, 509895, Note_on_c, 0, 78, 64
1, 509895, Note_on_c, 0, 63, 64
1, 509940, Note_on_c, 0, 63, 0
1, 509945, Note_on_c, 0, 78, 0
1, 509968, Note_on_c, 0, 79, 82
1, 509985, Note_on_c, 0, 64, 48
1, 510026, Note_on_c, 0, 79, 0
1, 510026, Note_on_c, 0, 64, 0
1, 510057, Note_on_c, 0, 78, 71
1, 510068, Note_on_c, 0, 63, 61
1, 510093, Note_on_c, 0, 78, 0
1, 510110, Note_on_c, 0, 63, 0
1, 510143, Note_on_c, 0, 79, 79
1, 510169, Note_on_c, 0, 64, 30
1, 510193, Note_on_c, 0, 79, 0
1, 510219, Note_on_c, 0, 64, 0
1, 510232, Note_on_c, 0, 55, 75
1, 510238, Note_on_c, 0, 88, 78
1, 510271, Note_on_c, 0, 55, 0
1, 510305, Note_on_c, 0, 88, 0
1, 510313, Note_on_c, 0, 64, 56
1, 510316, Note_on_c, 0, 79, 66
1, 510364, Note_on_c, 0, 64, 0
1, 510375, Note_on_c, 0, 79, 0
1, 510400, Note_on_c, 0, 55, 64
1, 510417, Note_on_c, 0, 88, 67
1, 510446, Note_on_c, 0, 55, 0
1, 510456, Note_on_c, 0, 88, 0
1, 510485, Note_on_c, 0, 64, 56
1, 510489, Note_on_c, 0, 79, 59
1, 510527, Note_on_c, 0, 64, 0
1, 510533, Note_on_c, 0, 79, 0
1, 510569, Note_on_c, 0, 55, 74
1, 510577, Note_on_c, 0, 79, 95
1, 510617, Note_on_c, 0, 55, 0
1, 510655, Note_on_c, 0, 62, 53
1, 510667, Note_on_c, 0, 77, 67
1, 510670, Note_on_c, 0, 79, 0
1, 510705, Note_on_c, 0, 62, 0
1, 510714, Note_on_c, 0, 77, 0
1, 510733, Note_on_c, 0, 61, 58
1, 510740, Note_on_c, 0, 76, 42
1, 510793, Note_on_c, 0, 61, 0
1, 510793, Note_on_c, 0, 76, 0
1, 510817, Note_on_c, 0, 77, 60
1, 510831, Note_on_c, 0, 62, 50
1, 510878, Note_on_c, 0, 62, 0
1, 510885, Note_on_c, 0, 77, 0
1, 510907, Note_on_c, 0, 61, 54
1, 510918, Note_on_c, 0, 76, 53
1, 510959, Note_on_c, 0, 61, 0
1, 510963, Note_on_c, 0, 76, 0
1, 510988, Note_on_c, 0, 77, 61
1, 511004, Note_on_c, 0, 62, 42
1, 511043, Note_on_c, 0, 77, 0
1, 511051, Note_on_c, 0, 62, 0
1, 511070, Note_on_c, 0, 61, 56
1, 511084, Note_on_c, 0, 76, 45
1, 511127, Note_on_c, 0, 61, 0
1, 511135, Note_on_c, 0, 76, 0
1, 511160, Note_on_c, 0, 62, 41
1, 511171, Note_on_c, 0, 77, 48
1, 511215, Note_on_c, 0, 77, 0
1, 511218, Note_on_c, 0, 62, 0
1, 511243, Note_on_c, 0, 86, 82
1, 511243, Note_on_c, 0, 55, 58
1, 511293, Note_on_c, 0, 55, 0
1, 511308, Note_on_c, 0, 86, 0
1, 511324, Note_on_c, 0, 62, 53
1, 511338, Note_on_c, 0, 77, 59
1, 511378, Note_on_c, 0, 62, 0
1, 511382, Note_on_c, 0, 77, 0
1, 511416, Note_on_c, 0, 55, 68
1, 511416, Note_on_c, 0, 86, 75
1, 511463, Note_on_c, 0, 86, 0
1, 511467, Note_on_c, 0, 55, 0
1, 511495, Note_on_c, 0, 62, 52
1, 511502, Note_on_c, 0, 77, 55
1, 511536, Note_on_c, 0, 62, 0
1, 511539, Note_on_c, 0, 77, 0
1, 511581, Note_on_c, 0, 55, 71
1, 511581, Note_on_c, 0, 77, 91
1, 511630, Note_on_c, 0, 55, 0
1, 511651, Note_on_c, 0, 60, 51
1, 511675, Note_on_c, 0, 76, 71
1, 511692, Note_on_c, 0, 77, 0
1, 511703, Note_on_c, 0, 60, 0
1, 511717, Note_on_c, 0, 59, 64
1, 511743, Note_on_c, 0, 76, 0
1, 511751, Note_on_c, 0, 75, 63
1, 511773, Note_on_c, 0, 59, 0
1, 511821, Note_on_c, 0, 60, 55
1, 511824, Note_on_c, 0, 76, 64
1, 511834, Note_on_c, 0, 75, 0
1, 511881, Note_on_c, 0, 60, 0
1, 511890, Note_on_c, 0, 76, 0
1, 511896, Note_on_c, 0, 59, 71
1, 511899, Note_on_c, 0, 75, 60
1, 511953, Note_on_c, 0, 59, 0
1, 511984, Note_on_c, 0, 60, 62
1, 511984, Note_on_c, 0, 76, 71
1, 511990, Note_on_c, 0, 75, 0
1, 512035, Note_on_c, 0, 60, 0
1, 512059, Note_on_c, 0, 76, 0
1, 512059, Note_on_c, 0, 59, 62
1, 512059, Note_on_c, 0, 75, 58
1, 512104, Note_on_c, 0, 59, 0
1, 512146, Note_on_c, 0, 75, 0
1, 512146, Note_on_c, 0, 76, 68
1, 512151, Note_on_c, 0, 60, 79
1, 512191, Note_on_c, 0, 60, 0
1, 512197, Note_on_c, 0, 76, 0
1, 512229, Note_on_c, 0, 55, 74
1, 512241, Note_on_c, 0, 84, 82
1, 512305, Note_on_c, 0, 60, 78
1, 512305, Note_on_c, 0, 55, 0
1, 512313, Note_on_c, 0, 76, 64
1, 512324, Note_on_c, 0, 84, 0
1, 512378, Note_on_c, 0, 76, 0
1, 512385, Note_on_c, 0, 60, 0
1, 512397, Note_on_c, 0, 55, 74
1, 512408, Note_on_c, 0, 84, 46
1, 512472, Note_on_c, 0, 84, 0
1, 512472, Note_on_c, 0, 60, 60
1, 512484, Note_on_c, 0, 55, 0
1, 512484, Note_on_c, 0, 76, 77
1, 512517, Note_on_c, 0, 76, 0
1, 512545, Note_on_c, 0, 60, 0
1, 512567, Note_on_c, 0, 76, 68
1, 512567, Note_on_c, 0, 55, 70
1, 512645, Note_on_c, 0, 55, 0
1, 512651, Note_on_c, 0, 65, 73
1, 512661, Note_on_c, 0, 74, 73
1, 512684, Note_on_c, 0, 76, 0
1, 512709, Note_on_c, 0, 65, 0
1, 512717, Note_on_c, 0, 74, 0
1, 512737, Note_on_c, 0, 73, 53
1, 512753, Note_on_c, 0, 64, 73
1, 512793, Note_on_c, 0, 64, 0
1, 512793, Note_on_c, 0, 73, 0
1, 512806, Note_on_c, 0, 74, 74
1, 512825, Note_on_c, 0, 65, 68
1, 512873, Note_on_c, 0, 65, 0
1, 512892, Note_on_c, 0, 74, 0
1, 512903, Note_on_c, 0, 73, 66
1, 512912, Note_on_c, 0, 64, 74
1, 512962, Note_on_c, 0, 64, 0
1, 512979, Note_on_c, 0, 74, 71
1, 512987, Note_on_c, 0, 65, 64
1, 512993, Note_on_c, 0, 73, 0
1, 513040, Note_on_c, 0, 65, 0
1, 513065, Note_on_c, 0, 73, 45
1, 513065, Note_on_c, 0, 74, 0
1, 513087, Note_on_c, 0, 64, 67
1, 513126, Note_on_c, 0, 64, 0
1, 513126, Note_on_c, 0, 74, 78
1, 513158, Note_on_c, 0, 65, 59
1, 513158, Note_on_c, 0, 73, 0
1, 513211, Note_on_c, 0, 74, 0
1, 513211, Note_on_c, 0, 65, 0
1, 513244, Note_on_c, 0, 55, 77
1, 513271, Note_on_c, 0, 79, 34
1, 513286, Note_on_c, 0, 55, 0
1, 513325, Note_on_c, 0, 65, 66
1, 513330, Note_on_c, 0, 79, 0
1, 513330, Note_on_c, 0, 71, 56
1, 513367, Note_on_c, 0, 65, 0
1, 513385, Note_on_c, 0, 71, 0
1, 513410, Note_on_c, 0, 79, 54
1, 513420, Note_on_c, 0, 55, 49
1, 513463, Note_on_c, 0, 79, 0
1, 513477, Note_on_c, 0, 55, 0
1, 513488, Note_on_c, 0, 65, 53
1, 513497, Note_on_c, 0, 71, 55
1, 513528, Note_on_c, 0, 65, 0
1, 513548, Note_on_c, 0, 71, 0
1, 513606, Note_on_c, 0, 72, 85
1, 513611, Note_on_c, 0, 67, 73
1, 513611, Note_on_c, 0, 64, 82
1, 513623, Note_on_c, 0, 48, 63
1, 513661, Note_on_c, 0, 48, 0
1, 513670, Note_on_c, 0, 60, 84
1, 513714, Note_on_c, 0, 60, 0
1, 513736, Control_c, 0, 64, 127
1, 513750, Note_on_c, 0, 59, 28
1, 513806, Note_on_c, 0, 59, 0
1, 513812, Note_on_c, 0, 64, 0
1, 513823, Note_on_c, 0, 67, 0
1, 513835, Note_on_c, 0, 60, 81
1, 513867, Control_c, 0, 64, 0
1, 513899, Note_on_c, 0, 60, 0
1, 513929, Note_on_c, 0, 62, 83
1, 513956, Note_on_c, 0, 72, 0
1, 513998, Note_on_c, 0, 62, 0
1, 514013, Note_on_c, 0, 60, 81
1, 514076, Note_on_c, 0, 60, 0
1, 514093, Note_on_c, 0, 59, 77
1, 514158, Note_on_c, 0, 59, 0
1, 514176, Note_on_c, 0, 60, 74
1, 514246, Note_on_c, 0, 60, 0
1, 514261, Note_on_c, 0, 62, 78
1, 514277, Note_on_c, 0, 72, 77
1, 514310, Note_on_c, 0, 62, 0
1, 514313, Note_on_c, 0, 72, 0
1, 514321, Note_on_c, 0, 74, 83
1, 514342, Note_on_c, 0, 60, 66
1, 514355, Note_on_c, 0, 74, 0
1, 514369, Note_on_c, 0, 72, 51
1, 514416, Note_on_c, 0, 72, 0
1, 514428, Note_on_c, 0, 60, 0
1, 514431, Note_on_c, 0, 74, 57
1, 514441, Note_on_c, 0, 59, 72
1, 514472, Note_on_c, 0, 72, 68
1, 514498, Note_on_c, 0, 74, 0
1, 514498, Note_on_c, 0, 59, 0
1, 514519, Note_on_c, 0, 72, 0
1, 514527, Note_on_c, 0, 71, 78
1, 514547, Note_on_c, 0, 60, 73
1, 514572, Note_on_c, 0, 71, 0
1, 514592, Note_on_c, 0, 72, 68
1, 514633, Note_on_c, 0, 60, 0
1, 514659, Note_on_c, 0, 79, 97
1, 514670, Note_on_c, 0, 52, 76
1, 514673, Note_on_c, 0, 72, 0
1, 514739, Note_on_c, 0, 52, 0
1, 514753, Note_on_c, 0, 60, 73
1, 514800, Note_on_c, 0, 60, 0
1, 514834, Note_on_c, 0, 59, 74
1, 514884, Note_on_c, 0, 59, 0
1, 514938, Note_on_c, 0, 60, 69
1, 515023, Note_on_c, 0, 60, 0
1, 515032, Note_on_c, 0, 62, 77
1, 515090, Note_on_c, 0, 62, 0
1, 515118, Note_on_c, 0, 60, 60
1, 515174, Note_on_c, 0, 79, 0
1, 515193, Note_on_c, 0, 60, 0
1, 515200, Note_on_c, 0, 59, 64
1, 515268, Note_on_c, 0, 59, 0
1, 515288, Note_on_c, 0, 60, 60
1, 515350, Note_on_c, 0, 60, 0
1, 515367, Note_on_c, 0, 72, 78
1, 515375, Note_on_c, 0, 62, 68
1, 515403, Note_on_c, 0, 72, 0
1, 515416, Note_on_c, 0, 74, 77
1, 515425, Note_on_c, 0, 62, 0
1, 515450, Note_on_c, 0, 74, 0
1, 515455, Note_on_c, 0, 72, 64
1, 515470, Note_on_c, 0, 60, 46
1, 515517, Note_on_c, 0, 72, 0
1, 515517, Note_on_c, 0, 74, 62
1, 515542, Note_on_c, 0, 60, 0
1, 515548, Note_on_c, 0, 59, 69
1, 515567, Note_on_c, 0, 72, 77
1, 515597, Note_on_c, 0, 74, 0
1, 515619, Note_on_c, 0, 59, 0
1, 515626, Note_on_c, 0, 72, 0
1, 515639, Note_on_c, 0, 71, 66
1, 515639, Note_on_c, 0, 60, 73
1, 515679, Note_on_c, 0, 71, 0
1, 515694, Note_on_c, 0, 72, 66
1, 515728, Note_on_c, 0, 60, 0
1, 515735, Note_on_c, 0, 72, 0
1, 515762, Note_on_c, 0, 53, 100
1, 515770, Note_on_c, 0, 81, 100
1, 515770, Note_on_c, 0, 72, 66
1, 515776, Note_on_c, 0, 79, 94
1, 515851, Note_on_c, 0, 53, 0
1, 515862, Note_on_c, 0, 60, 79
1, 515909, Note_on_c, 0, 60, 0
1, 515948, Note_on_c, 0, 59, 74
1, 516010, Note_on_c, 0, 81, 0
1, 516010, Note_on_c, 0, 59, 0
1, 516041, Note_on_c, 0, 60, 79
1, 516076, Note_on_c, 0, 72, 0
1, 516116, Note_on_c, 0, 60, 0
1, 516126, Note_on_c, 0, 81, 80
1, 516126, Note_on_c, 0, 77, 79
1, 516132, Note_on_c, 0, 72, 68
1, 516138, Note_on_c, 0, 62, 74
1, 516149, Note_on_c, 0, 79, 0
1, 516183, Note_on_c, 0, 62, 0
1, 516236, Note_on_c, 0, 60, 57
1, 516296, Note_on_c, 0, 60, 0
1, 516319, Note_on_c, 0, 59, 66
1, 516345, Note_on_c, 0, 81, 0
1, 516350, Note_on_c, 0, 77, 0
1, 516358, Note_on_c, 0, 72, 0
1, 516370, Note_on_c, 0, 59, 0
1, 516409, Note_on_c, 0, 60, 57
1, 516462, Note_on_c, 0, 60, 0
1, 516469, Note_on_c, 0, 81, 73
1, 516475, Note_on_c, 0, 77, 64
1, 516478, Note_on_c, 0, 72, 65
1, 516503, Note_on_c, 0, 62, 52
1, 516548, Note_on_c, 0, 62, 0
1, 516581, Note_on_c, 0, 60, 50
1, 516584, Note_on_c, 0, 72, 0
1, 516628, Note_on_c, 0, 60, 0
1, 516657, Note_on_c, 0, 59, 57
1, 516660, Note_on_c, 0, 77, 0
1, 516695, Note_on_c, 0, 59, 0
1, 516729, Note_on_c, 0, 60, 59
1, 516781, Note_on_c, 0, 60, 0
1, 516785, Note_on_c, 0, 81, 0
1, 516804, Note_on_c, 0, 79, 74
1, 516807, Note_on_c, 0, 72, 59
1, 516815, Note_on_c, 0, 76, 43
1, 516835, Note_on_c, 0, 48, 65
1, 516874, Note_on_c, 0, 48, 0
1, 516896, Note_on_c, 0, 76, 0
1, 516912, Note_on_c, 0, 60, 57
1, 516955, Note_on_c, 0, 60, 0
1, 516977, Note_on_c, 0, 59, 72
1, 517043, Note_on_c, 0, 59, 0
1, 517072, Note_on_c, 0, 60, 61
1, 517158, Note_on_c, 0, 60, 0
1, 517158, Note_on_c, 0, 62, 79
1, 517169, Note_on_c, 0, 79, 0
1, 517203, Note_on_c, 0, 72, 0
1, 517227, Note_on_c, 0, 62, 0
1, 517252, Note_on_c, 0, 60, 60
1, 517328, Note_on_c, 0, 60, 0
1, 517345, Note_on_c, 0, 59, 71
1, 517402, Note_on_c, 0, 59, 0
1, 517416, Note_on_c, 0, 60, 55
1, 517506, Note_on_c, 0, 60, 0
1, 517517, Note_on_c, 0, 79, 92
1, 517536, Note_on_c, 0, 49, 82
1, 517547, Note_on_c, 0, 79, 0
1, 517556, Note_on_c, 0, 81, 79
1, 517593, Note_on_c, 0, 49, 0
1, 517593, Note_on_c, 0, 81, 0
1, 517614, Note_on_c, 0, 79, 53
1, 517626, Note_on_c, 0, 61, 66
1, 517659, Note_on_c, 0, 79, 0
1, 517676, Note_on_c, 0, 81, 62
1, 517692, Note_on_c, 0, 61, 0
1, 517717, Note_on_c, 0, 79, 83
1, 517721, Note_on_c, 0, 59, 54
1, 517760, Note_on_c, 0, 81, 0
1, 517776, Note_on_c, 0, 59, 0
1, 517779, Note_on_c, 0, 79, 0
1, 517782, Note_on_c, 0, 78, 78
1, 517807, Note_on_c, 0, 61, 70
1, 517831, Note_on_c, 0, 78, 0
1, 517840, Note_on_c, 0, 79, 87
1, 517893, Note_on_c, 0, 61, 0
1, 517902, Note_on_c, 0, 78, 77
1, 517916, Note_on_c, 0, 50, 84
1, 517941, Note_on_c, 0, 79, 0
1, 517976, Note_on_c, 0, 50, 0
1, 517990, Control_c, 0, 64, 127
1, 518001, Note_on_c, 0, 62, 74
1, 518051, Note_on_c, 0, 62, 0
1, 518085, Note_on_c, 0, 61, 71
1, 518085, Control_c, 0, 64, 0
1, 518144, Note_on_c, 0, 61, 0
1, 518166, Note_on_c, 0, 62, 75
1, 518230, Note_on_c, 0, 62, 0
1, 518247, Note_on_c, 0, 64, 91
1, 518310, Note_on_c, 0, 64, 0
1, 518322, Note_on_c, 0, 78, 0
1, 518334, Note_on_c, 0, 62, 82
1, 518383, Note_on_c, 0, 62, 0
1, 518412, Note_on_c, 0, 61, 73
1, 518481, Note_on_c, 0, 61, 0
1, 518487, Note_on_c, 0, 62, 81
1, 518517, Note_on_c, 0, 62, 0
1, 518575, Note_on_c, 0, 77, 79
1, 518597, Note_on_c, 0, 47, 85
1, 518601, Control_c, 0, 64, 127
1, 518604, Note_on_c, 0, 77, 0
1, 518608, Note_on_c, 0, 79, 91
1, 518634, Note_on_c, 0, 47, 0
1, 518637, Control_c, 0, 64, 0
1, 518643, Note_on_c, 0, 79, 0
1, 518662, Note_on_c, 0, 77, 57
1, 518675, Note_on_c, 0, 59, 64
1, 518717, Note_on_c, 0, 77, 0
1, 518717, Note_on_c, 0, 59, 0
1, 518728, Note_on_c, 0, 79, 68
1, 518763, Note_on_c, 0, 57, 62
1, 518774, Note_on_c, 0, 77, 75
1, 518796, Note_on_c, 0, 79, 0
1, 518834, Note_on_c, 0, 77, 0
1, 518838, Note_on_c, 0, 76, 65
1, 518841, Note_on_c, 0, 57, 0
1, 518863, Note_on_c, 0, 59, 71
1, 518873, Note_on_c, 0, 76, 0
1, 518890, Note_on_c, 0, 77, 85
1, 518929, Note_on_c, 0, 59, 0
1, 518957, Note_on_c, 0, 76, 49
1, 518968, Note_on_c, 0, 48, 79
1, 518982, Note_on_c, 0, 77, 0
1, 519035, Note_on_c, 0, 48, 0
1, 519057, Note_on_c, 0, 60, 75
1, 519110, Note_on_c, 0, 60, 0
1, 519155, Note_on_c, 0, 59, 75
1, 519205, Note_on_c, 0, 59, 0
1, 519225, Note_on_c, 0, 60, 78
1, 519306, Note_on_c, 0, 60, 0
1, 519317, Note_on_c, 0, 62, 90
1, 519395, Note_on_c, 0, 62, 0
1, 519414, Note_on_c, 0, 60, 83
1, 519428, Note_on_c, 0, 76, 0
1, 519462, Note_on_c, 0, 60, 0
1, 519498, Note_on_c, 0, 59, 76
1, 519558, Note_on_c, 0, 59, 0
1, 519570, Note_on_c, 0, 60, 85
1, 519606, Note_on_c, 0, 60, 0
1, 519620, Control_c, 0, 64, 127
1, 519654, Note_on_c, 0, 72, 82
1, 519671, Note_on_c, 0, 45, 89
1, 519685, Note_on_c, 0, 72, 0
1, 519690, Note_on_c, 0, 74, 84
1, 519690, Control_c, 0, 64, 0
1, 519718, Note_on_c, 0, 45, 0
1, 519722, Note_on_c, 0, 74, 0
1, 519735, Note_on_c, 0, 72, 64
1, 519749, Note_on_c, 0, 57, 74
1, 519793, Note_on_c, 0, 57, 0
1, 519793, Note_on_c, 0, 72, 0
1, 519804, Note_on_c, 0, 74, 66
1, 519829, Note_on_c, 0, 56, 65
1, 519846, Note_on_c, 0, 72, 74
1, 519885, Note_on_c, 0, 74, 0
1, 519894, Note_on_c, 0, 72, 0
1, 519902, Note_on_c, 0, 71, 87
1, 519912, Note_on_c, 0, 57, 75
1, 519937, Note_on_c, 0, 56, 0
1, 519952, Note_on_c, 0, 71, 0
1, 519965, Note_on_c, 0, 57, 0
1, 519972, Note_on_c, 0, 72, 77
1, 520030, Note_on_c, 0, 74, 102
1, 520046, Note_on_c, 0, 41, 94
1, 520069, Note_on_c, 0, 72, 0
1, 520080, Note_on_c, 0, 41, 0
1, 520121, Note_on_c, 0, 53, 94
1, 520153, Note_on_c, 0, 53, 0
1, 520199, Note_on_c, 0, 52, 97
1, 520291, Note_on_c, 0, 52, 0
1, 520295, Note_on_c, 0, 53, 99
1, 520373, Note_on_c, 0, 53, 0
1, 520387, Note_on_c, 0, 77, 88
1, 520387, Note_on_c, 0, 55, 83
1, 520401, Note_on_c, 0, 74, 0
1, 520445, Note_on_c, 0, 55, 0
1, 520486, Note_on_c, 0, 53, 95
1, 520495, Control_c, 0, 64, 127
1, 520518, Note_on_c, 0, 77, 0
1, 520523, Note_on_c, 0, 53, 0
1, 520570, Note_on_c, 0, 52, 63
1, 520609, Note_on_c, 0, 52, 0
1, 520634, Note_on_c, 0, 53, 99
1, 520674, Control_c, 0, 64, 0
1, 520687, Note_on_c, 0, 53, 0
1, 520721, Note_on_c, 0, 71, 92
1, 520729, Note_on_c, 0, 62, 73
1, 520729, Note_on_c, 0, 65, 67
1, 520729, Note_on_c, 0, 43, 82
1, 520806, Note_on_c, 0, 43, 0
1, 520820, Note_on_c, 0, 55, 86
1, 520868, Note_on_c, 0, 55, 0
1, 520904, Note_on_c, 0, 54, 79
1, 520955, Note_on_c, 0, 54, 0
1, 520955, Note_on_c, 0, 55, 80
1, 520966, Note_on_c, 0, 62, 0
1, 520991, Note_on_c, 0, 71, 0
1, 521001, Note_on_c, 0, 55, 0
1, 521085, Note_on_c, 0, 72, 90
1, 521093, Note_on_c, 0, 65, 0
1, 521093, Note_on_c, 0, 64, 84
1, 521097, Note_on_c, 0, 67, 77
1, 521100, Note_on_c, 0, 40, 110
1, 521142, Note_on_c, 0, 40, 0
1, 521175, Note_on_c, 0, 52, 94
1, 521216, Note_on_c, 0, 52, 0
1, 521250, Control_c, 0, 64, 127
1, 521269, Note_on_c, 0, 50, 81
1, 521320, Note_on_c, 0, 50, 0
1, 521361, Note_on_c, 0, 52, 86
1, 521395, Note_on_c, 0, 64, 0
1, 521403, Note_on_c, 0, 52, 0
1, 521417, Note_on_c, 0, 67, 0
1, 521440, Note_on_c, 0, 53, 102
1, 521487, Note_on_c, 0, 53, 0
1, 521500, Note_on_c, 0, 72, 0
1, 521518, Note_on_c, 0, 52, 96
1, 521550, Control_c, 0, 64, 0
1, 521589, Note_on_c, 0, 52, 0
1, 521607, Note_on_c, 0, 50, 90
1, 521684, Note_on_c, 0, 52, 100
1, 521699, Note_on_c, 0, 50, 0
1, 521766, Note_on_c, 0, 52, 0
1, 521779, Note_on_c, 0, 79, 92
1, 521799, Note_on_c, 0, 39, 92
1, 521810, Note_on_c, 0, 79, 0
1, 521816, Note_on_c, 0, 81, 85
1, 521852, Note_on_c, 0, 81, 0
1, 521879, Note_on_c, 0, 79, 73
1, 521885, Note_on_c, 0, 39, 0
1, 521896, Control_c, 0, 64, 127
1, 521896, Note_on_c, 0, 51, 78
1, 521918, Note_on_c, 0, 79, 0
1, 521937, Note_on_c, 0, 81, 81
1, 521982, Note_on_c, 0, 79, 85
1, 521993, Control_c, 0, 64, 0
1, 522000, Note_on_c, 0, 50, 88
1, 522013, Note_on_c, 0, 81, 0
1, 522030, Note_on_c, 0, 51, 0
1, 522050, Note_on_c, 0, 78, 84
1, 522068, Note_on_c, 0, 79, 0
1, 522077, Note_on_c, 0, 51, 85
1, 522086, Note_on_c, 0, 50, 0
1, 522094, Note_on_c, 0, 78, 0
1, 522111, Note_on_c, 0, 79, 103
1, 522181, Note_on_c, 0, 51, 0
1, 522181, Note_on_c, 0, 78, 96
1, 522197, Note_on_c, 0, 38, 99
1, 522214, Note_on_c, 0, 79, 0
1, 522267, Note_on_c, 0, 38, 0
1, 522281, Note_on_c, 0, 50, 93
1, 522317, Control_c, 0, 64, 127
1, 522342, Note_on_c, 0, 50, 0
1, 522359, Note_on_c, 0, 49, 77
1, 522436, Control_c, 0, 64, 0
1, 522447, Note_on_c, 0, 50, 94
1, 522454, Note_on_c, 0, 49, 0
1, 522509, Note_on_c, 0, 50, 0
1, 522531, Note_on_c, 0, 52, 97
1, 522568, Control_c, 0, 64, 127
1, 522592, Control_c, 0, 64, 0
1, 522607, Note_on_c, 0, 52, 0
1, 522607, Note_on_c, 0, 50, 94
1, 522614, Note_on_c, 0, 78, 0
1, 522685, Note_on_c, 0, 49, 87
1, 522698, Note_on_c, 0, 50, 0
1, 522735, Control_c, 0, 64, 127
1, 522760, Note_on_c, 0, 50, 80
1, 522774, Note_on_c, 0, 49, 0
1, 522810, Note_on_c, 0, 50, 0
1, 522848, Note_on_c, 0, 77, 91
1, 522871, Note_on_c, 0, 35, 104
1, 522877, Note_on_c, 0, 77, 0
1, 522887, Note_on_c, 0, 79, 97
1, 522919, Note_on_c, 0, 79, 0
1, 522938, Note_on_c, 0, 35, 0
1, 522944, Note_on_c, 0, 77, 53
1, 522961, Note_on_c, 0, 47, 80
1, 522991, Note_on_c, 0, 77, 0
1, 523002, Note_on_c, 0, 47, 0
1, 523002, Note_on_c, 0, 79, 88
1, 523033, Note_on_c, 0, 45, 79
1, 523050, Note_on_c, 0, 77, 74
1, 523083, Note_on_c, 0, 79, 0
1, 523083, Control_c, 0, 64, 0
1, 523107, Note_on_c, 0, 76, 73
1, 523114, Note_on_c, 0, 77, 0
1, 523114, Note_on_c, 0, 47, 83
1, 523138, Note_on_c, 0, 45, 0
1, 523142, Note_on_c, 0, 76, 0
1, 523156, Note_on_c, 0, 77, 87
1, 523203, Note_on_c, 0, 47, 0
1, 523222, Note_on_c, 0, 76, 68
1, 523228, Note_on_c, 0, 36, 85
1, 523261, Note_on_c, 0, 77, 0
1, 523303, Note_on_c, 0, 48, 89
1, 523307, Note_on_c, 0, 36, 0
1, 523334, Control_c, 0, 64, 127
1, 523359, Note_on_c, 0, 48, 0
1, 523392, Note_on_c, 0, 47, 87
1, 523431, Control_c, 0, 64, 0
1, 523467, Note_on_c, 0, 48, 90
1, 523484, Note_on_c, 0, 47, 0
1, 523542, Note_on_c, 0, 48, 0
1, 523556, Note_on_c, 0, 50, 88
1, 523638, Note_on_c, 0, 48, 83
1, 523645, Note_on_c, 0, 50, 0
1, 523654, Note_on_c, 0, 76, 0
1, 523659, Control_c, 0, 64, 127
1, 523710, Note_on_c, 0, 48, 0
1, 523721, Note_on_c, 0, 47, 85
1, 523793, Note_on_c, 0, 48, 80
1, 523809, Note_on_c, 0, 47, 0
1, 523837, Note_on_c, 0, 48, 0
1, 523869, Note_on_c, 0, 72, 83
1, 523894, Note_on_c, 0, 33, 102
1, 523901, Note_on_c, 0, 72, 0
1, 523901, Note_on_c, 0, 74, 90
1, 523933, Note_on_c, 0, 74, 0
1, 523946, Control_c, 0, 64, 0
1, 523954, Note_on_c, 0, 33, 0
1, 523954, Note_on_c, 0, 72, 60
1, 523961, Note_on_c, 0, 45, 89
1, 524013, Note_on_c, 0, 45, 0
1, 524018, Note_on_c, 0, 72, 0
1, 524027, Note_on_c, 0, 74, 75
1, 524041, Note_on_c, 0, 44, 81
1, 524063, Note_on_c, 0, 72, 80
1, 524067, Note_on_c, 0, 74, 0
1, 524111, Note_on_c, 0, 72, 0
1, 524114, Note_on_c, 0, 71, 89
1, 524121, Note_on_c, 0, 45, 84
1, 524149, Note_on_c, 0, 44, 0
1, 524174, Note_on_c, 0, 71, 0
1, 524177, Note_on_c, 0, 72, 80
1, 524195, Note_on_c, 0, 45, 0
1, 524245, Note_on_c, 0, 74, 94
1, 524248, Note_on_c, 0, 29, 87
1, 524287, Note_on_c, 0, 72, 0
1, 524322, Note_on_c, 0, 41, 95
1, 524331, Note_on_c, 0, 29, 0
1, 524342, Control_c, 0, 64, 127
1, 524355, Note_on_c, 0, 41, 0
1, 524398, Note_on_c, 0, 40, 103
1, 524486, Control_c, 0, 64, 0
1, 524492, Note_on_c, 0, 40, 0
1, 524496, Note_on_c, 0, 41, 98
1, 524579, Note_on_c, 0, 43, 95
1, 524587, Note_on_c, 0, 41, 0
1, 524670, Note_on_c, 0, 41, 90
1, 524670, Note_on_c, 0, 74, 0
1, 524691, Note_on_c, 0, 43, 0
1, 524746, Note_on_c, 0, 40, 102
1, 524755, Note_on_c, 0, 41, 0
1, 524808, Note_on_c, 0, 40, 0
1, 524829, Note_on_c, 0, 41, 85
1, 524916, Note_on_c, 0, 41, 0
1, 524916, Note_on_c, 0, 71, 103
1, 524922, Note_on_c, 0, 65, 87
1, 524922, Note_on_c, 0, 62, 91
1, 524930, Note_on_c, 0, 31, 102
1, 525011, Note_on_c, 0, 31, 0
1, 525016, Note_on_c, 0, 43, 83
1, 525063, Note_on_c, 0, 43, 0
1, 525086, Note_on_c, 0, 42, 82
1, 525135, Note_on_c, 0, 62, 0
1, 525138, Note_on_c, 0, 71, 0
1, 525164, Note_on_c, 0, 43, 82
1, 525181, Note_on_c, 0, 65, 0
1, 525181, Note_on_c, 0, 42, 0
1, 525222, Note_on_c, 0, 43, 0
1, 525273, Note_on_c, 0, 36, 72
1, 525273, Note_on_c, 0, 40, 100
1, 525276, Note_on_c, 0, 72, 90
1, 525280, Note_on_c, 0, 48, 99
1, 525365, Note_on_c, 0, 67, 76
1, 525429, Note_on_c, 0, 72, 0
1, 525440, Note_on_c, 0, 69, 75
1, 525448, Note_on_c, 0, 67, 0
1, 525468, Control_c, 0, 64, 127
1, 525496, Note_on_c, 0, 48, 0
1, 525521, Note_on_c, 0, 71, 94
1, 525524, Note_on_c, 0, 40, 0
1, 525539, Note_on_c, 0, 36, 0
1, 525549, Note_on_c, 0, 69, 0
1, 525571, Note_on_c, 0, 71, 0
1, 525604, Note_on_c, 0, 72, 85
1, 525687, Note_on_c, 0, 74, 87
1, 525699, Note_on_c, 0, 72, 0
1, 525752, Note_on_c, 0, 76, 80
1, 525766, Note_on_c, 0, 74, 0
1, 525802, Note_on_c, 0, 76, 0
1, 525835, Note_on_c, 0, 77, 86
1, 525835, Control_c, 0, 64, 0
1, 525896, Note_on_c, 0, 77, 0
1, 525913, Note_on_c, 0, 79, 98
1, 525986, Note_on_c, 0, 81, 91
1, 526011, Note_on_c, 0, 79, 0
1, 526069, Note_on_c, 0, 83, 109
1, 526133, Note_on_c, 0, 81, 0
1, 526161, Note_on_c, 0, 84, 90
1, 526161, Control_c, 0, 64, 127
1, 526192, Note_on_c, 0, 83, 0
1, 526230, Note_on_c, 0, 64, 84
1, 526230, Note_on_c, 0, 79, 96
1, 526242, Note_on_c, 0, 55, 74
1, 526295, Note_on_c, 0, 84, 0
1, 526314, Note_on_c, 0, 81, 86
1, 526329, Note_on_c, 0, 79, 0
1, 526392, Note_on_c, 0, 77, 76
1, 526392, Note_on_c, 0, 81, 0
1, 526401, Note_on_c, 0, 62, 77
1, 526423, Note_on_c, 0, 64, 0
1, 526451, Control_c, 0, 64, 0
1, 526464, Note_on_c, 0, 79, 92
1, 526464, Note_on_c, 0, 77, 0
1, 526553, Note_on_c, 0, 60, 81
1, 526553, Note_on_c, 0, 76, 79
1, 526562, Note_on_c, 0, 62, 0
1, 526568, Note_on_c, 0, 79, 0
1, 526634, Note_on_c, 0, 77, 86
1, 526649, Note_on_c, 0, 76, 0
1, 526707, Note_on_c, 0, 60, 0
1, 526707, Note_on_c, 0, 74, 83
1, 526710, Note_on_c, 0, 77, 0
1, 526718, Note_on_c, 0, 65, 75
1, 526787, Note_on_c, 0, 74, 0
1, 526791, Note_on_c, 0, 76, 67
1, 526862, Note_on_c, 0, 64, 80
1, 526866, Note_on_c, 0, 65, 0
1, 526874, Note_on_c, 0, 72, 77
1, 526896, Note_on_c, 0, 76, 0
1, 526947, Note_on_c, 0, 74, 86
1, 526977, Note_on_c, 0, 64, 0
1, 526977, Note_on_c, 0, 72, 0
1, 526996, Note_on_c, 0, 74, 0
1, 527016, Note_on_c, 0, 62, 79
1, 527024, Note_on_c, 0, 71, 83
1, 527089, Note_on_c, 0, 71, 0
1, 527119, Note_on_c, 0, 74, 54
1, 527145, Note_on_c, 0, 62, 0
1, 527187, Note_on_c, 0, 60, 66
1, 527190, Note_on_c, 0, 55, 0
1, 527193, Note_on_c, 0, 72, 60
1, 527193, Note_on_c, 0, 64, 70
1, 527205, Note_on_c, 0, 74, 0
1, 527259, Note_on_c, 0, 67, 81
1, 527318, Note_on_c, 0, 72, 0
1, 527343, Note_on_c, 0, 69, 72
1, 527347, Note_on_c, 0, 67, 0
1, 527367, Note_on_c, 0, 64, 0
1, 527400, Note_on_c, 0, 60, 0
1, 527407, Note_on_c, 0, 71, 90
1, 527437, Note_on_c, 0, 69, 0
1, 527476, Note_on_c, 0, 71, 0
1, 527489, Note_on_c, 0, 72, 80
1, 527534, Note_on_c, 0, 72, 0
1, 527568, Note_on_c, 0, 74, 89
1, 527632, Note_on_c, 0, 76, 81
1, 527651, Note_on_c, 0, 74, 0
1, 527691, Note_on_c, 0, 76, 0
1, 527712, Note_on_c, 0, 77, 86
1, 527765, Note_on_c, 0, 77, 0
1, 527788, Note_on_c, 0, 79, 98
1, 527863, Note_on_c, 0, 81, 88
1, 527891, Note_on_c, 0, 79, 0
1, 527944, Note_on_c, 0, 83, 107
1, 527997, Note_on_c, 0, 81, 0
1, 528027, Note_on_c, 0, 84, 97
1, 528047, Note_on_c, 0, 83, 0
1, 528097, Note_on_c, 0, 64, 89
1, 528103, Note_on_c, 0, 79, 102
1, 528106, Note_on_c, 0, 55, 76
1, 528142, Note_on_c, 0, 84, 0
1, 528187, Note_on_c, 0, 81, 90
1, 528195, Note_on_c, 0, 79, 0
1, 528269, Note_on_c, 0, 77, 79
1, 528276, Note_on_c, 0, 81, 0
1, 528276, Note_on_c, 0, 62, 85
1, 528328, Note_on_c, 0, 64, 0
1, 528348, Note_on_c, 0, 79, 93
1, 528351, Note_on_c, 0, 77, 0
1, 528431, Note_on_c, 0, 60, 90
1, 528431, Note_on_c, 0, 76, 78
1, 528450, Note_on_c, 0, 79, 0
1, 528456, Note_on_c, 0, 62, 0
1, 528515, Note_on_c, 0, 77, 83
1, 528531, Note_on_c, 0, 76, 0
1, 528590, Note_on_c, 0, 74, 81
1, 528594, Note_on_c, 0, 65, 87
1, 528602, Note_on_c, 0, 77, 0
1, 528602, Note_on_c, 0, 60, 0
1, 528669, Note_on_c, 0, 76, 77
1, 528677, Note_on_c, 0, 74, 0
1, 528754, Note_on_c, 0, 72, 82
1, 528760, Note_on_c, 0, 64, 86
1, 528765, Note_on_c, 0, 65, 0
1, 528777, Note_on_c, 0, 76, 0
1, 528832, Note_on_c, 0, 74, 89
1, 528855, Note_on_c, 0, 72, 0
1, 528874, Note_on_c, 0, 64, 0
1, 528903, Note_on_c, 0, 74, 0
1, 528908, Note_on_c, 0, 71, 82
1, 528912, Note_on_c, 0, 62, 77
1, 528974, Note_on_c, 0, 71, 0
1, 528994, Note_on_c, 0, 74, 79
1, 528997, Note_on_c, 0, 55, 0
1, 528997, Note_on_c, 0, 62, 0
1, 529036, Note_on_c, 0, 74, 0
1, 529081, Note_on_c, 0, 64, 95
1, 529086, Note_on_c, 0, 72, 95
1, 529086, Note_on_c, 0, 60, 80
1, 529111, Note_on_c, 0, 64, 0
1, 529122, Note_on_c, 0, 60, 0
1, 529172, Note_on_c, 0, 72, 0
1, 529172, Control_c, 0, 64, 127
1, 529417, Note_on_c, 0, 48, 90
1, 529421, Note_on_c, 0, 36, 96
1, 529499, Note_on_c, 0, 60, 80
1, 529506, Note_on_c, 0, 36, 0
1, 529518, Note_on_c, 0, 48, 0
1, 529589, Note_on_c, 0, 60, 0
1, 529589, Note_on_c, 0, 59, 60
1, 529668, Note_on_c, 0, 59, 0
1, 529673, Note_on_c, 0, 60, 66
1, 529726, Note_on_c, 0, 60, 0
1, 529735, Control_c, 0, 64, 0
1, 529735, Note_on_c, 0, 52, 106
1, 529743, Note_on_c, 0, 40, 104
1, 529825, Note_on_c, 0, 64, 75
1, 529852, Note_on_c, 0, 40, 0
1, 529891, Control_c, 0, 64, 127
1, 529891, Note_on_c, 0, 64, 0
1, 529900, Note_on_c, 0, 63, 89
1, 529910, Note_on_c, 0, 52, 0
1, 529977, Note_on_c, 0, 64, 73
1, 529977, Note_on_c, 0, 63, 0
1, 530055, Note_on_c, 0, 55, 99
1, 530055, Control_c, 0, 64, 0
1, 530059, Note_on_c, 0, 64, 0
1, 530059, Note_on_c, 0, 43, 85
1, 530137, Note_on_c, 0, 67, 84
1, 530209, Note_on_c, 0, 43, 0
1, 530217, Note_on_c, 0, 66, 65
1, 530221, Note_on_c, 0, 55, 0
1, 530221, Note_on_c, 0, 67, 0
1, 530226, Control_c, 0, 64, 127
1, 530286, Note_on_c, 0, 67, 79
1, 530297, Note_on_c, 0, 66, 0
1, 530357, Control_c, 0, 64, 0
1, 530375, Note_on_c, 0, 67, 0
1, 530385, Note_on_c, 0, 52, 110
1, 530390, Note_on_c, 0, 40, 104
1, 530460, Note_on_c, 0, 64, 90
1, 530509, Note_on_c, 0, 40, 0
1, 530526, Control_c, 0, 64, 127
1, 530548, Note_on_c, 0, 52, 0
1, 530548, Note_on_c, 0, 64, 0
1, 530551, Note_on_c, 0, 63, 86
1, 530632, Note_on_c, 0, 64, 67
1, 530632, Note_on_c, 0, 63, 0
1, 530694, Control_c, 0, 64, 0
1, 530707, Note_on_c, 0, 64, 0
1, 530710, Note_on_c, 0, 55, 102
1, 530713, Note_on_c, 0, 43, 91
1, 530791, Note_on_c, 0, 67, 83
1, 530821, Note_on_c, 0, 55, 0
1, 530847, Note_on_c, 0, 43, 0
1, 530847, Control_c, 0, 64, 127
1, 530860, Note_on_c, 0, 67, 0
1, 530866, Note_on_c, 0, 66, 80
1, 530949, Note_on_c, 0, 66, 0
1, 530952, Note_on_c, 0, 67, 80
1, 531017, Control_c, 0, 64, 0
1, 531039, Note_on_c, 0, 48, 99
1, 531047, Note_on_c, 0, 36, 97
1, 531050, Note_on_c, 0, 67, 0
1, 531111, Note_on_c, 0, 72, 85
1, 531142, Note_on_c, 0, 36, 0
1, 531173, Control_c, 0, 64, 127
1, 531197, Note_on_c, 0, 48, 0
1, 531197, Note_on_c, 0, 72, 0
1, 531197, Note_on_c, 0, 71, 87
1, 531273, Note_on_c, 0, 72, 44
1, 531278, Note_on_c, 0, 71, 0
1, 531340, Control_c, 0, 64, 0
1, 531351, Note_on_c, 0, 52, 112
1, 531359, Note_on_c, 0, 40, 106
1, 531364, Note_on_c, 0, 72, 0
1, 531432, Note_on_c, 0, 40, 0
1, 531435, Note_on_c, 0, 76, 81
1, 531496, Control_c, 0, 64, 127
1, 531499, Note_on_c, 0, 52, 0
1, 531521, Note_on_c, 0, 76, 0
1, 531521, Note_on_c, 0, 75, 86
1, 531607, Note_on_c, 0, 75, 0
1, 531607, Note_on_c, 0, 76, 64
1, 531641, Control_c, 0, 64, 0
1, 531685, Note_on_c, 0, 55, 106
1, 531691, Note_on_c, 0, 43, 102
1, 531705, Note_on_c, 0, 76, 0
1, 531766, Note_on_c, 0, 43, 0
1, 531766, Note_on_c, 0, 79, 92
1, 531777, Note_on_c, 0, 55, 0
1, 531808, Control_c, 0, 64, 127
1, 531858, Note_on_c, 0, 78, 84
1, 531858, Note_on_c, 0, 79, 0
1, 531927, Control_c, 0, 64, 0
1, 531933, Note_on_c, 0, 79, 80
1, 531954, Note_on_c, 0, 78, 0
1, 532038, Note_on_c, 0, 79, 0
1, 532083, Note_on_c, 0, 84, 109
1, 532083, Note_on_c, 0, 79, 102
1, 532086, Note_on_c, 0, 60, 98
1, 532086, Note_on_c, 0, 76, 92
1, 532089, Note_on_c, 0, 72, 93
1, 532092, Note_on_c, 0, 55, 83
1, 532097, Note_on_c, 0, 48, 73
1, 532097, Note_on_c, 0, 52, 80
1, 532443, Control_c, 0, 64, 127
1, 532680, Note_on_c, 0, 60, 0
1, 532694, Note_on_c, 0, 72, 0
1, 532749, Note_on_c, 0, 55, 0
1, 532780, Note_on_c, 0, 48, 0
1, 532786, Note_on_c, 0, 52, 0
1, 532796, Note_on_c, 0, 76, 0
1, 532821, Note_on_c, 0, 79, 0
1, 532860, Note_on_c, 0, 84, 0
1, 532983, Control_c, 0, 64, 0
1, 534481, End_track
0, 0, End_of_file
